0 0.143770 0.158120 0.054313 0.054131
0 0.089457 0.217949 0.060703 0.048433
0 0.146965 0.270655 0.060703 0.045584
0 0.083067 0.272080 0.060703 0.048433
0 0.085463 0.329060 0.059105 0.042735
0 0.078275 0.387464 0.054313 0.045584
0 0.146166 0.435897 0.062300 0.045584
0 0.074281 0.444444 0.062300 0.051282
0 0.144569 0.552707 0.062300 0.039886
0 0.077476 0.555556 0.049521 0.045584
0 0.139776 0.609687 0.055911 0.051282
0 0.075080 0.606838 0.060703 0.045584
0 0.077476 0.666667 0.059105 0.051282
0 0.143770 0.666667 0.057508 0.051282
0 0.079073 0.720798 0.062300 0.045584
0 0.149361 0.723647 0.062300 0.039886
0 0.083067 0.783476 0.063898 0.045584
0 0.142173 0.783476 0.060703 0.045584
0 0.269968 0.169516 0.073482 0.065527
0 0.269169 0.236467 0.059105 0.051282
0 0.341054 0.220798 0.052716 0.042735
0 0.341054 0.274929 0.049521 0.048433
0 0.276358 0.327635 0.054313 0.045584
0 0.339457 0.331909 0.055911 0.048433
0 0.272364 0.384615 0.062300 0.056980
0 0.340256 0.383191 0.060703 0.048433
0 0.271565 0.441595 0.051118 0.039886
0 0.340256 0.435897 0.060703 0.045584
0 0.275559 0.497151 0.055911 0.048433
0 0.338658 0.556980 0.060703 0.042735
0 0.272364 0.558405 0.055911 0.045584
0 0.274760 0.612536 0.051118 0.045584
0 0.342652 0.665242 0.059105 0.048433
0 0.279553 0.672365 0.063898 0.045584
0 0.276358 0.722222 0.054313 0.042735
0 0.339457 0.722222 0.055911 0.048433
0 0.269968 0.780627 0.060703 0.045584
0 0.337061 0.780627 0.060703 0.045584
0 0.459265 0.168091 0.036741 0.039886
0 0.465655 0.216524 0.052716 0.039886
0 0.530351 0.215100 0.060703 0.042735
0 0.464058 0.276353 0.055911 0.045584
0 0.529553 0.274929 0.062300 0.048433
0 0.471246 0.334758 0.063898 0.048433
0 0.536741 0.324786 0.054313 0.039886
0 0.474441 0.390313 0.057508 0.039886
0 0.534345 0.388889 0.052716 0.042735
0 0.461661 0.447293 0.057508 0.039886
0 0.534345 0.447293 0.059105 0.045584
0 0.460863 0.501425 0.062300 0.051282
0 0.530351 0.502849 0.060703 0.048433
0 0.467252 0.552707 0.055911 0.039886
0 0.401757 0.562678 0.039936 0.111111
0 0.465655 0.605413 0.062300 0.042735
0 0.531150 0.609687 0.062300 0.045584
0 0.531150 0.668091 0.055911 0.048433
0 0.468850 0.730769 0.055911 0.048433
0 0.536741 0.727920 0.057508 0.054131
0 0.471246 0.787749 0.047923 0.042735
0 0.653355 0.225071 0.060703 0.045584
0 0.656550 0.282051 0.054313 0.051282
0 0.652556 0.377493 0.055911 0.042735
0 0.656550 0.448718 0.047923 0.042735
0 0.656550 0.501425 0.054313 0.039886
0 0.653355 0.559829 0.057508 0.042735
0 0.651757 0.618234 0.057508 0.045584
0 0.651757 0.789174 0.060703 0.045584
0 0.723642 0.162393 0.054313 0.045584
0 0.722843 0.219373 0.055911 0.051282
0 0.720447 0.282051 0.035144 0.045584
0 0.715655 0.339031 0.054313 0.039886
0 0.715655 0.403134 0.057508 0.042735
0 0.726837 0.508547 0.054313 0.048433
0 0.718850 0.675214 0.063898 0.051282
0 0.722843 0.733618 0.055911 0.042735
0 0.837061 0.170940 0.060703 0.039886
0 0.849840 0.337607 0.057508 0.042735
0 0.853035 0.444444 0.070288 0.051282
0 0.853035 0.509972 0.054313 0.045584
0 0.845048 0.565527 0.057508 0.042735
0 0.842652 0.732194 0.055911 0.039886
0 0.845847 0.794872 0.055911 0.045584
0 0.913738 0.169516 0.063898 0.059829
0 0.911342 0.225071 0.062300 0.045584
0 0.904952 0.282051 0.062300 0.056980
0 0.917732 0.390313 0.059105 0.045584
0 0.912939 0.564103 0.062300 0.045584
0 0.916933 0.618234 0.054313 0.045584
0 0.912939 0.678063 0.055911 0.045584
0 0.912939 0.737892 0.055911 0.051282
