0 0.037288 0.070997 0.027119 0.099698
0 0.067797 0.063444 0.027119 0.090634
0 0.122881 0.069486 0.025424 0.096677
0 0.215254 0.070997 0.023729 0.099698
0 0.245763 0.069486 0.023729 0.090634
0 0.346610 0.086103 0.025424 0.105740
0 0.383898 0.084592 0.025424 0.114804
0 0.416102 0.086103 0.025424 0.111782
0 0.016102 0.185801 0.028814 0.087613
0 0.041525 0.182779 0.028814 0.087613
0 0.070339 0.179758 0.028814 0.087613
0 0.099153 0.182779 0.028814 0.087613
0 0.129661 0.182779 0.028814 0.087613
0 0.156780 0.182779 0.028814 0.087613
0 0.183898 0.179758 0.028814 0.087613
0 0.212712 0.179758 0.028814 0.087613
0 0.243220 0.179758 0.028814 0.087613
0 0.273729 0.182779 0.028814 0.087613
0 0.300847 0.182779 0.028814 0.087613
0 0.326271 0.182779 0.028814 0.087613
0 0.356780 0.182779 0.028814 0.087613
0 0.441525 0.179758 0.028814 0.087613
0 0.468644 0.179758 0.028814 0.087613
0 0.499153 0.176737 0.028814 0.087613
0 0.529661 0.179758 0.028814 0.087613
0 0.558475 0.176737 0.028814 0.087613
0 0.585593 0.179758 0.028814 0.087613
0 0.612712 0.176737 0.028814 0.087613
0 0.643220 0.179758 0.028814 0.087613
0 0.670339 0.176737 0.028814 0.087613
0 0.699153 0.176737 0.028814 0.087613
0 0.729661 0.179758 0.028814 0.087613
0 0.761864 0.350453 0.028814 0.102719
0 0.909322 0.356495 0.028814 0.102719
0 0.695763 0.356495 0.028814 0.102719
0 0.605932 0.348943 0.025424 0.087613
0 0.516102 0.367069 0.025424 0.087613
0 0.472034 0.391239 0.025424 0.087613
0 0.444915 0.394260 0.025424 0.087613
0 0.414407 0.385196 0.025424 0.087613
0 0.357627 0.388218 0.027119 0.093656
0 0.327119 0.388218 0.027119 0.093656
0 0.296610 0.388218 0.027119 0.093656
0 0.264407 0.388218 0.027119 0.093656
0 0.235593 0.391239 0.027119 0.093656
0 0.205085 0.391239 0.027119 0.093656
0 0.176271 0.391239 0.027119 0.093656
0 0.147458 0.391239 0.027119 0.093656
0 0.118644 0.391239 0.027119 0.093656
0 0.067797 0.397281 0.027119 0.093656
0 0.035593 0.397281 0.027119 0.093656
0 0.666102 0.466767 0.027119 0.093656
0 0.474576 0.493958 0.027119 0.093656
0 0.418644 0.496979 0.027119 0.093656
0 0.388136 0.496979 0.027119 0.093656
0 0.357627 0.496979 0.027119 0.093656
0 0.328814 0.496979 0.027119 0.093656
0 0.298305 0.490937 0.027119 0.093656
0 0.269492 0.490937 0.027119 0.093656
0 0.228814 0.487915 0.027119 0.093656
0 0.144915 0.631420 0.059322 0.042296
0 0.211017 0.625378 0.059322 0.042296
0 0.265254 0.631420 0.045763 0.042296
0 0.323729 0.631420 0.054237 0.042296
0 0.399153 0.625378 0.066102 0.048338
