0 0.048352 0.136458 0.028571 0.118750
0 0.079121 0.136458 0.028571 0.118750
0 0.151648 0.126042 0.028571 0.118750
0 0.192308 0.138542 0.028571 0.118750
0 0.226374 0.148958 0.028571 0.118750
0 0.260440 0.144792 0.028571 0.118750
0 0.291209 0.128125 0.028571 0.118750
0 0.356044 0.123958 0.028571 0.118750
0 0.391209 0.134375 0.028571 0.118750
0 0.503297 0.134375 0.028571 0.118750
0 0.545055 0.134375 0.028571 0.118750
0 0.615385 0.132292 0.028571 0.118750
0 0.685714 0.136458 0.028571 0.118750
0 0.796703 0.248958 0.028571 0.118750
0 0.867582 0.172917 0.053846 0.170833
0 0.759890 0.248958 0.040659 0.143750
0 0.619780 0.257292 0.028571 0.118750
0 0.506593 0.259375 0.028571 0.118750
0 0.472527 0.257292 0.028571 0.118750
0 0.435165 0.259375 0.028571 0.118750
0 0.395604 0.263542 0.028571 0.118750
0 0.358242 0.253125 0.028571 0.118750
0 0.327473 0.251042 0.028571 0.118750
0 0.287912 0.251042 0.028571 0.118750
0 0.259341 0.265625 0.028571 0.118750
0 0.220879 0.261458 0.028571 0.118750
0 0.186813 0.261458 0.028571 0.118750
0 0.150549 0.248958 0.028571 0.118750
0 0.321978 0.503125 0.028571 0.118750
0 0.364835 0.523958 0.028571 0.118750
0 0.395604 0.544792 0.028571 0.118750
0 0.434066 0.528125 0.028571 0.118750
0 0.468132 0.521875 0.028571 0.118750
0 0.508791 0.523958 0.028571 0.118750
0 0.543956 0.532292 0.028571 0.118750
0 0.576923 0.521875 0.028571 0.118750
0 0.625275 0.515625 0.028571 0.118750
0 0.901099 0.635417 0.043956 0.112500
0 0.837363 0.642708 0.028571 0.118750
0 0.795604 0.651042 0.028571 0.118750
0 0.761538 0.646875 0.028571 0.118750
0 0.726374 0.659375 0.028571 0.118750
0 0.691209 0.651042 0.028571 0.118750
0 0.660440 0.642708 0.028571 0.118750
0 0.614286 0.659375 0.028571 0.118750
0 0.582418 0.665625 0.028571 0.118750
0 0.547253 0.655208 0.028571 0.118750
0 0.514286 0.665625 0.028571 0.118750
0 0.480220 0.657292 0.028571 0.118750
0 0.431868 0.646875 0.028571 0.118750
0 0.397802 0.659375 0.028571 0.118750
0 0.326374 0.651042 0.028571 0.118750
0 0.279121 0.659375 0.028571 0.118750
0 0.651648 0.907292 0.028571 0.118750
0 0.587912 0.907292 0.028571 0.118750
0 0.540659 0.905208 0.028571 0.118750
0 0.507692 0.917708 0.028571 0.118750
0 0.434066 0.928125 0.028571 0.118750
0 0.395604 0.915625 0.028571 0.118750
0 0.363736 0.907292 0.028571 0.118750
0 0.328571 0.917708 0.028571 0.118750
0 0.291209 0.917708 0.028571 0.118750
0 0.254945 0.919792 0.028571 0.118750
0 0.219780 0.915625 0.028571 0.118750
0 0.186813 0.909375 0.028571 0.118750
0 0.152747 0.903125 0.028571 0.118750
0 0.076923 0.913542 0.028571 0.118750
0 0.038462 0.905208 0.028571 0.118750
0 0.036264 0.901042 0.028571 0.118750
0 0.192857 0.728125 0.064835 0.052083
0 0.190659 0.457292 0.064835 0.052083
0 0.087363 0.459375 0.064835 0.052083
0 0.085165 0.455208 0.064835 0.052083
