0 0.112620 0.323601 0.075080 0.238443
0 0.201278 0.336983 0.060703 0.211679
0 0.276358 0.341849 0.063898 0.226277
0 0.351438 0.336983 0.054313 0.206813
0 0.434505 0.333333 0.057508 0.228710
0 0.508786 0.339416 0.052716 0.201946
0 0.585463 0.340633 0.059105 0.199513
0 0.671725 0.330900 0.065495 0.204380
0 0.750799 0.316302 0.070288 0.184915
0 0.824281 0.315085 0.067093 0.206813
0 0.902556 0.323601 0.076677 0.228710
0 0.099840 0.582725 0.081470 0.240876
0 0.187700 0.587591 0.065495 0.231144
0 0.265176 0.599757 0.063898 0.221411
0 0.349042 0.605839 0.059105 0.214112
0 0.420927 0.585158 0.062300 0.221411
0 0.495208 0.576642 0.060703 0.218978
0 0.587061 0.564477 0.059105 0.223844
0 0.668530 0.574209 0.065495 0.194647
0 0.748403 0.576642 0.068690 0.199513
0 0.830671 0.565693 0.070288 0.216545
0 0.912141 0.583942 0.079872 0.257908
