0 0.132042 0.211864 0.080986 0.175141
0 0.209507 0.197740 0.102113 0.225989
0 0.294014 0.211864 0.080986 0.175141
0 0.382042 0.225989 0.080986 0.169492
0 0.454225 0.211864 0.084507 0.186441
0 0.535211 0.209040 0.084507 0.169492
0 0.617958 0.211864 0.080986 0.175141
0 0.695423 0.209040 0.073944 0.180791
0 0.781690 0.217514 0.084507 0.175141
0 0.859155 0.220339 0.084507 0.169492
0 0.132042 0.435028 0.088028 0.169492
0 0.213028 0.435028 0.088028 0.169492
0 0.294014 0.432203 0.088028 0.175141
0 0.375000 0.437853 0.073944 0.163842
0 0.455986 0.432203 0.088028 0.186441
0 0.535211 0.429379 0.084507 0.180791
0 0.614437 0.420904 0.073944 0.175141
0 0.691901 0.437853 0.102113 0.220339
0 0.779930 0.415254 0.080986 0.163842
0 0.864437 0.426554 0.102113 0.186441
