0 0.342188 0.600000 0.050000 0.038889
0 0.564844 0.681250 0.048438 0.034722
0 0.469140 0.637500 0.047656 0.036111
0 0.890625 0.498611 0.048437 0.036111
0 0.579688 0.627083 0.046875 0.037500
0 0.921094 0.558334 0.045312 0.036111
0 0.398438 0.639583 0.045312 0.034722
0 0.812890 0.661111 0.047656 0.033333
0 0.165235 0.700000 0.049219 0.036111
0 0.839063 0.390277 0.051563 0.036111
0 0.264844 0.652083 0.051563 0.040278
0 0.801562 0.505556 0.045312 0.038889
0 0.601562 0.516667 0.046875 0.038889
0 0.832031 0.450000 0.050000 0.038889
0 0.055078 0.708333 0.049219 0.038889
0 0.731249 0.505556 0.046875 0.038889
0 0.925781 0.605556 0.043750 0.038889
0 0.202344 0.603472 0.048437 0.040278
0 0.020313 0.656945 0.040625 0.038889
0 0.036719 0.603472 0.053125 0.043056
