0 0.559374 0.629861 0.046875 0.037500
0 0.542188 0.683334 0.046875 0.038889
0 0.796094 0.391667 0.045312 0.036111
0 0.101562 0.656945 0.043750 0.038889
0 0.690625 0.507639 0.043750 0.034722
0 0.682813 0.621528 0.048438 0.037500
0 0.771094 0.570833 0.042188 0.030556
0 0.588282 0.525000 0.045312 0.047222
0 0.246875 0.701388 0.050000 0.036111
0 0.489843 0.612500 0.048437 0.041667
0 0.713282 0.450694 0.048438 0.034722
0 0.761718 0.505556 0.045313 0.033333
0 0.966406 0.654166 0.046875 0.036111
0 0.936719 0.437500 0.046875 0.036111
0 0.153907 0.708333 0.048437 0.038889
0 0.972656 0.493055 0.051562 0.041667
0 0.128516 0.605555 0.050781 0.041667
0 0.286718 0.604167 0.048437 0.041667
