0 0.582032 0.680555 0.046875 0.033333
0 0.026563 0.656250 0.043750 0.037500
0 0.173828 0.701388 0.047656 0.036111
0 0.274610 0.652778 0.049219 0.038889
0 0.352344 0.600695 0.051563 0.034722
0 0.940625 0.556250 0.042187 0.034722
0 0.834375 0.392361 0.053125 0.040278
0 0.591015 0.627777 0.046094 0.036111
0 0.727344 0.505556 0.048438 0.036111
0 0.829688 0.660417 0.046875 0.034722
0 0.943750 0.603472 0.045312 0.040278
0 0.598828 0.517361 0.044531 0.037500
0 0.066406 0.709028 0.050000 0.040278
0 0.795703 0.504166 0.046094 0.036111
0 0.046094 0.602778 0.051562 0.044444
0 0.818750 0.450694 0.046875 0.037500
0 0.211719 0.604167 0.048437 0.041667
