0 0.360546 0.600694 0.050781 0.031944
0 0.486718 0.636111 0.045313 0.038889
0 0.283984 0.654166 0.049219 0.036111
0 0.882812 0.498611 0.048437 0.038889
0 0.600391 0.627777 0.044531 0.036111
0 0.957032 0.555555 0.048437 0.038889
0 0.829687 0.390277 0.053125 0.036111
0 0.844531 0.659722 0.050000 0.036111
0 0.957032 0.603472 0.045313 0.040278
0 0.181640 0.701388 0.049219 0.036111
0 0.721875 0.506945 0.050000 0.038889
0 0.596484 0.517361 0.042969 0.037500
0 0.219141 0.604861 0.049219 0.040278
0 0.807813 0.451388 0.048438 0.036111
0 0.791797 0.504166 0.046094 0.036111
0 0.033593 0.654861 0.046875 0.037500
0 0.076562 0.709028 0.050000 0.040278
0 0.055469 0.604167 0.050000 0.041667
