0 0.634375 0.670139 0.046875 0.034722
0 0.470313 0.586111 0.046875 0.033333
0 0.899219 0.389583 0.051563 0.034722
0 0.192188 0.518750 0.050000 0.037500
0 0.471484 0.634722 0.047656 0.036111
0 0.371094 0.643750 0.046875 0.034722
0 0.979688 0.445139 0.040625 0.034722
0 0.910937 0.631945 0.051563 0.044444
0 0.144141 0.654166 0.050781 0.038889
0 0.231250 0.601389 0.050000 0.041667
0 0.294141 0.648611 0.044531 0.033333
0 0.657813 0.508333 0.050000 0.038889
0 0.753907 0.615972 0.045313 0.034722
0 0.055859 0.701388 0.049219 0.036111
0 0.098047 0.605556 0.049219 0.038889
0 0.871875 0.502777 0.048438 0.038889
0 0.797265 0.503472 0.050781 0.037500
