0 0.987500 0.436111 0.023438 0.033333
0 0.593359 0.520833 0.046094 0.041667
0 0.200782 0.702083 0.048437 0.034722
0 0.684766 0.576389 0.041406 0.030556
0 0.987500 0.490972 0.025000 0.040278
0 0.306250 0.652778 0.046875 0.033333
0 0.984375 0.600000 0.031250 0.036111
0 0.505468 0.634028 0.048437 0.037500
0 0.711719 0.508333 0.050000 0.038889
0 0.986328 0.552083 0.027344 0.034722
0 0.879687 0.659722 0.046875 0.036111
0 0.818360 0.391667 0.052344 0.038889
0 0.435937 0.629861 0.043750 0.043056
0 0.240625 0.604167 0.046875 0.038889
0 0.780469 0.450694 0.050000 0.037500
0 0.782031 0.504861 0.048438 0.037500
0 0.053125 0.654861 0.046875 0.037500
0 0.099219 0.709723 0.051562 0.041667
0 0.076562 0.604167 0.050000 0.041667
