0 0.358594 0.645139 0.048438 0.034722
0 0.452344 0.588889 0.042187 0.033333
0 0.612501 0.670139 0.046875 0.031944
0 0.458593 0.635417 0.051563 0.037500
0 0.216016 0.601388 0.052344 0.036111
0 0.219141 0.518750 0.050781 0.040278
0 0.128906 0.652778 0.050000 0.038889
0 0.280859 0.648611 0.044531 0.033333
0 0.732031 0.617361 0.045312 0.034722
0 0.668359 0.506945 0.049219 0.036111
0 0.044532 0.700000 0.048438 0.036111
0 0.907031 0.390277 0.051563 0.036111
0 0.085156 0.605556 0.046875 0.038889
0 0.885157 0.500695 0.045312 0.034722
0 0.807422 0.502777 0.049219 0.038889
0 0.883593 0.634723 0.053125 0.041667
