0 0.089063 0.656250 0.045313 0.037500
0 0.522656 0.685417 0.045312 0.040278
0 0.695312 0.671528 0.046875 0.034722
0 0.236328 0.701388 0.050781 0.036111
0 0.801562 0.391667 0.046875 0.036111
0 0.346484 0.651389 0.046094 0.036111
0 0.667968 0.622223 0.045313 0.036111
0 0.545703 0.631250 0.049219 0.040278
0 0.749219 0.572223 0.045312 0.033333
0 0.951562 0.436805 0.043750 0.034722
0 0.945312 0.656250 0.046875 0.034722
0 0.766406 0.504166 0.042187 0.036111
0 0.694921 0.509028 0.049219 0.040278
0 0.730468 0.450694 0.048437 0.034722
0 0.975781 0.492361 0.045312 0.040278
0 0.589063 0.522917 0.046875 0.048611
0 0.274219 0.605556 0.050000 0.038889
0 0.140625 0.708333 0.048438 0.038889
0 0.115235 0.604167 0.052344 0.041667
0 0.476954 0.615972 0.044531 0.043056
