0 0.822656 0.638888 0.050000 0.038889
0 0.925782 0.390972 0.048437 0.040278
0 0.564844 0.672917 0.045312 0.037500
0 0.331641 0.646528 0.047656 0.037500
0 0.431250 0.637500 0.046875 0.036111
0 0.690626 0.506945 0.046875 0.036111
0 0.682032 0.622917 0.045312 0.037500
0 0.186719 0.602083 0.051562 0.040278
0 0.249219 0.649305 0.048437 0.034722
0 0.982031 0.656945 0.035937 0.036111
0 0.280860 0.518056 0.050781 0.038889
0 0.057422 0.606250 0.047656 0.037500
0 0.969531 0.561111 0.040625 0.036111
0 0.021485 0.702778 0.041406 0.038889
0 0.833594 0.502777 0.050000 0.038889
0 0.919531 0.501389 0.050000 0.041667
