0 0.766015 0.446528 0.049219 0.037500
0 0.792578 0.567361 0.049219 0.034722
0 0.928125 0.496528 0.050000 0.040278
0 0.875000 0.390277 0.048437 0.036111
0 0.004297 0.706945 0.008594 0.044444
0 0.510156 0.632639 0.050000 0.037500
0 0.324219 0.695139 0.042188 0.037500
0 0.190235 0.652778 0.050781 0.038889
0 0.335938 0.647223 0.046875 0.033333
0 0.819531 0.612500 0.045312 0.036111
0 0.271484 0.600694 0.052344 0.040278
0 0.700781 0.667361 0.050000 0.034722
0 0.526563 0.581250 0.045312 0.034722
0 0.109375 0.520139 0.048438 0.037500
0 0.631250 0.512500 0.046875 0.036111
0 0.137500 0.604861 0.048437 0.037500
0 0.098047 0.703472 0.050781 0.040278
0 0.837500 0.504166 0.045312 0.038889
0 0.926562 0.448611 0.048438 0.036111
0 0.770312 0.504861 0.050000 0.040278
