0 0.475000 0.636806 0.045313 0.034722
0 0.835938 0.390277 0.051562 0.036111
0 0.585938 0.627777 0.043750 0.038889
0 0.271093 0.653472 0.051563 0.037500
0 0.170312 0.701388 0.051563 0.036111
0 0.061719 0.708333 0.050000 0.038889
0 0.822657 0.662500 0.048438 0.036111
0 0.022656 0.655555 0.045312 0.038889
0 0.825781 0.451388 0.050000 0.036111
0 0.728125 0.506945 0.046875 0.036111
0 0.798047 0.504166 0.046094 0.036111
0 0.600000 0.518056 0.045312 0.036111
0 0.935937 0.604861 0.045312 0.037500
0 0.042969 0.603472 0.051563 0.040278
0 0.207813 0.604167 0.048437 0.041667
