0 0.503907 0.688195 0.045313 0.040278
0 0.076563 0.656945 0.043750 0.038889
0 0.727344 0.573611 0.045312 0.033333
0 0.807422 0.391667 0.049219 0.038889
0 0.532031 0.633333 0.050000 0.041667
0 0.700781 0.507639 0.051562 0.040278
0 0.332422 0.652778 0.047656 0.036111
0 0.223438 0.701388 0.050000 0.036111
0 0.655469 0.625000 0.045312 0.036111
0 0.923438 0.656945 0.051562 0.036111
0 0.980469 0.493055 0.039062 0.041667
0 0.464063 0.619444 0.043750 0.044444
0 0.771093 0.505556 0.045312 0.036111
0 0.967969 0.436805 0.045312 0.034722
0 0.589843 0.522222 0.045313 0.050000
0 0.746874 0.450694 0.046875 0.034722
0 0.101954 0.604167 0.050781 0.041667
0 0.263672 0.604167 0.047656 0.038889
0 0.126953 0.709723 0.049219 0.041667
