0 0.871093 0.390277 0.048437 0.038889
0 0.987109 0.623611 0.025781 0.036111
0 0.102734 0.702778 0.047656 0.038889
0 0.097657 0.520833 0.048437 0.036111
0 0.338281 0.647222 0.039062 0.030556
0 0.804688 0.566666 0.048437 0.036111
0 0.280078 0.602083 0.047656 0.040278
0 0.515625 0.631945 0.046875 0.036111
0 0.828906 0.613194 0.045312 0.034722
0 0.917188 0.447917 0.046875 0.037500
0 0.766406 0.504166 0.048438 0.036111
0 0.628907 0.511806 0.045313 0.034722
0 0.195704 0.653472 0.050781 0.037500
0 0.710156 0.667361 0.048438 0.034722
0 0.533594 0.580556 0.042188 0.033333
0 0.143359 0.605556 0.047656 0.038889
0 0.921875 0.496528 0.048437 0.037500
0 0.834375 0.502777 0.046875 0.038889
