0 0.989062 0.652083 0.021875 0.040278
0 0.012890 0.658334 0.025781 0.038889
0 0.572657 0.681944 0.045312 0.033333
0 0.380078 0.651389 0.041406 0.030556
0 0.267187 0.701388 0.050000 0.036111
0 0.686328 0.452084 0.047656 0.031944
0 0.685156 0.507639 0.051562 0.037500
0 0.708593 0.620834 0.048438 0.036111
0 0.583984 0.627777 0.047656 0.036111
0 0.514062 0.605555 0.046875 0.041667
0 0.753125 0.504166 0.045312 0.036111
0 0.807813 0.570139 0.043750 0.031944
0 0.306250 0.604167 0.046875 0.038889
0 0.584766 0.527084 0.046094 0.054167
0 0.150390 0.604861 0.050781 0.040278
0 0.175781 0.708333 0.048438 0.038889
0 0.961719 0.493055 0.051563 0.041667
0 0.121484 0.655555 0.047656 0.036111
0 0.910157 0.437500 0.046875 0.036111
