0 0.526563 0.684028 0.046875 0.037500
0 0.851562 0.391667 0.048437 0.038889
0 0.902343 0.497917 0.048437 0.040278
0 0.019531 0.602083 0.039062 0.040278
0 0.316406 0.600000 0.051562 0.041667
0 0.375781 0.645139 0.043750 0.031944
0 0.612891 0.515277 0.047656 0.036111
0 0.875000 0.560417 0.046875 0.034722
0 0.029687 0.522917 0.046875 0.034722
0 0.553516 0.629166 0.047656 0.038889
0 0.812500 0.504861 0.045313 0.037500
0 0.237110 0.652083 0.050781 0.040278
0 0.771093 0.663888 0.048438 0.036111
0 0.140234 0.700000 0.049219 0.033333
0 0.887500 0.607639 0.043750 0.037500
0 0.745313 0.504861 0.050000 0.037500
0 0.027734 0.707639 0.047656 0.040278
0 0.447657 0.640278 0.042187 0.036111
0 0.866406 0.450000 0.048438 0.036111
0 0.179688 0.604861 0.048438 0.037500
