0 0.770312 0.568750 0.046875 0.031944
0 0.780469 0.447917 0.050000 0.037500
0 0.498438 0.633333 0.050000 0.038889
0 0.680078 0.668750 0.046094 0.037500
0 0.965625 0.626389 0.050000 0.044444
0 0.508984 0.583333 0.042969 0.033333
0 0.177343 0.652778 0.051563 0.038889
0 0.881250 0.391667 0.053125 0.038889
0 0.801562 0.615277 0.046875 0.041667
0 0.396093 0.640972 0.048437 0.037500
0 0.128125 0.604167 0.048437 0.036111
0 0.323828 0.647917 0.042969 0.034722
0 0.935937 0.495834 0.046875 0.038889
0 0.259375 0.601389 0.050000 0.041667
0 0.133203 0.520833 0.049219 0.036111
0 0.087110 0.703472 0.050781 0.040278
0 0.942187 0.447917 0.048438 0.037500
0 0.778125 0.504861 0.048438 0.037500
0 0.637500 0.511112 0.043750 0.036111
0 0.846094 0.502777 0.046875 0.038889
