0 0.930469 0.558334 0.042187 0.033333
0 0.148828 0.520833 0.049219 0.036111
0 0.792578 0.447917 0.047656 0.037500
0 0.298047 0.695139 0.046094 0.037500
0 0.497656 0.583333 0.042188 0.033333
0 0.942969 0.495139 0.050000 0.040278
0 0.390625 0.640278 0.046875 0.036111
0 0.667188 0.668056 0.045312 0.038889
0 0.952344 0.627084 0.050000 0.043056
0 0.642969 0.509722 0.045312 0.036111
0 0.852344 0.502777 0.045312 0.038889
0 0.788281 0.615972 0.045312 0.037500
0 0.167187 0.652778 0.051562 0.036111
0 0.079297 0.702778 0.050781 0.038889
0 0.253516 0.602083 0.049219 0.040278
0 0.491406 0.633333 0.048438 0.036111
0 0.317968 0.647223 0.048437 0.033333
0 0.119141 0.605556 0.047656 0.038889
0 0.953906 0.446528 0.046875 0.037500
0 0.783203 0.505556 0.047656 0.038889
