0 0.410156 0.638889 0.048438 0.033333
0 0.885938 0.497917 0.051563 0.037500
0 0.480468 0.636806 0.048437 0.037500
0 0.354297 0.600000 0.050781 0.036111
0 0.942969 0.556944 0.043750 0.036111
0 0.176953 0.700694 0.049219 0.034722
0 0.277344 0.653472 0.050000 0.034722
0 0.834375 0.660417 0.048438 0.034722
0 0.723828 0.507639 0.050781 0.040278
0 0.833594 0.391667 0.053125 0.038889
0 0.593359 0.627083 0.046094 0.037500
0 0.028515 0.654861 0.047656 0.037500
0 0.946875 0.603472 0.045312 0.037500
0 0.598437 0.517361 0.043750 0.037500
0 0.795312 0.504166 0.046875 0.036111
0 0.047266 0.603472 0.052344 0.043056
0 0.214844 0.604167 0.048438 0.041667
0 0.068750 0.709028 0.050000 0.040278
0 0.817187 0.450000 0.046875 0.038889
