0 0.885938 0.390277 0.050000 0.036111
0 0.941407 0.495139 0.048437 0.037500
0 0.500781 0.584028 0.042187 0.031944
0 0.790625 0.447223 0.050000 0.036111
0 0.392188 0.640972 0.046875 0.037500
0 0.956250 0.626389 0.050000 0.041667
0 0.671094 0.669444 0.045312 0.038889
0 0.145312 0.520139 0.048437 0.037500
0 0.850781 0.502777 0.045312 0.038889
0 0.081250 0.702778 0.050000 0.038889
0 0.318750 0.647917 0.046875 0.034722
0 0.791407 0.615278 0.045312 0.036111
0 0.169922 0.653472 0.050781 0.037500
0 0.255468 0.602083 0.048437 0.040278
0 0.492578 0.632639 0.047656 0.037500
0 0.642188 0.509722 0.046875 0.036111
0 0.951562 0.447223 0.048438 0.036111
0 0.121094 0.604861 0.048438 0.037500
0 0.782422 0.505556 0.047656 0.038889
