0 0.615625 0.672222 0.050000 0.033333
0 0.462500 0.635417 0.050000 0.037500
0 0.871875 0.560417 0.042187 0.034722
0 0.457422 0.588889 0.042969 0.033333
0 0.971094 0.494445 0.046875 0.038889
0 0.362109 0.645139 0.046094 0.031944
0 0.219531 0.602083 0.051562 0.040278
0 0.210156 0.518750 0.048437 0.037500
0 0.133985 0.654166 0.049219 0.038889
0 0.738282 0.617361 0.045313 0.034722
0 0.091015 0.605556 0.049219 0.036111
0 0.985938 0.443750 0.028125 0.037500
0 0.048437 0.701388 0.051562 0.036111
0 0.284375 0.648612 0.045312 0.036111
0 0.805469 0.503472 0.048438 0.037500
0 0.903906 0.389583 0.051562 0.037500
0 0.665625 0.506945 0.048438 0.033333
0 0.892188 0.632639 0.051562 0.043056
0 0.880468 0.501389 0.048438 0.038889
