0 0.907031 0.561111 0.046875 0.038889
0 0.381250 0.643056 0.045313 0.036111
0 0.952344 0.494445 0.046875 0.038889
0 0.482422 0.584028 0.044531 0.031944
0 0.651953 0.509722 0.049219 0.036111
0 0.171875 0.519444 0.050000 0.038889
0 0.154688 0.652778 0.050000 0.036111
0 0.241406 0.602777 0.050000 0.038889
0 0.649609 0.670834 0.042969 0.030556
0 0.861719 0.502777 0.045312 0.038889
0 0.305469 0.647917 0.045312 0.031944
0 0.928906 0.629166 0.051563 0.041667
0 0.894531 0.390972 0.051562 0.037500
0 0.066016 0.702778 0.049219 0.038889
0 0.791407 0.505556 0.048438 0.038889
0 0.480078 0.634028 0.047656 0.037500
0 0.769532 0.615972 0.045313 0.034722
0 0.969531 0.446528 0.046875 0.037500
0 0.108984 0.604861 0.047656 0.037500
