0 0.602344 0.628472 0.045312 0.034722
0 0.417188 0.636111 0.043750 0.033333
0 0.362500 0.600000 0.053125 0.033333
0 0.285937 0.652778 0.048438 0.038889
0 0.881250 0.498611 0.048438 0.038889
0 0.847657 0.660417 0.048437 0.034722
0 0.830469 0.391667 0.050000 0.038889
0 0.035547 0.654861 0.044531 0.037500
0 0.960938 0.554861 0.050000 0.037500
0 0.183204 0.702083 0.049219 0.037500
0 0.720313 0.505556 0.050000 0.038889
0 0.791797 0.504166 0.046094 0.036111
0 0.806250 0.450694 0.050000 0.037500
0 0.960156 0.602777 0.046875 0.036111
0 0.596094 0.518056 0.043750 0.036111
0 0.220703 0.603472 0.047656 0.040278
0 0.078125 0.708333 0.048437 0.038889
0 0.057031 0.604167 0.050000 0.041667
