0 0.103515 0.654166 0.050781 0.038889
0 0.436719 0.637500 0.048438 0.036111
0 0.573438 0.672917 0.048438 0.037500
0 0.828125 0.503472 0.050000 0.037500
0 0.978906 0.560417 0.039062 0.034722
0 0.692187 0.620834 0.043750 0.036111
0 0.191406 0.601388 0.051563 0.036111
0 0.023828 0.702083 0.047656 0.040278
0 0.336719 0.647223 0.045312 0.038889
0 0.269141 0.518056 0.050781 0.038889
0 0.255469 0.648611 0.045313 0.033333
0 0.063282 0.605556 0.046875 0.036111
0 0.688281 0.507639 0.048438 0.034722
0 0.922656 0.389583 0.051563 0.037500
0 0.910937 0.501389 0.046875 0.041667
0 0.835156 0.638889 0.051563 0.044444
