0 0.851562 0.609722 0.042188 0.036111
0 0.553516 0.579861 0.042969 0.034722
0 0.914844 0.495834 0.048438 0.038889
0 0.425781 0.640278 0.046875 0.033333
0 0.070312 0.522223 0.046875 0.036111
0 0.294141 0.600694 0.050781 0.040278
0 0.832812 0.563194 0.050000 0.037500
0 0.733985 0.664583 0.050781 0.040278
0 0.621093 0.512500 0.046875 0.036111
0 0.014453 0.705556 0.028906 0.038889
0 0.826562 0.502777 0.046875 0.038889
0 0.212110 0.652778 0.050781 0.041667
0 0.119141 0.701388 0.052344 0.036111
0 0.530469 0.630556 0.048438 0.038889
0 0.157422 0.604167 0.047656 0.038889
0 0.758594 0.505556 0.050000 0.041667
0 0.897656 0.448611 0.048438 0.036111
