0 0.825781 0.391667 0.051562 0.033333
0 0.664454 0.577084 0.036719 0.029167
0 0.491797 0.636111 0.046094 0.038889
0 0.879687 0.499306 0.048438 0.037500
0 0.366406 0.599306 0.048438 0.031944
0 0.968750 0.555555 0.046875 0.038889
0 0.189062 0.702083 0.046875 0.034722
0 0.039844 0.654166 0.045312 0.036111
0 0.595703 0.519444 0.047656 0.038889
0 0.966406 0.602777 0.042188 0.038889
0 0.290625 0.653472 0.050000 0.034722
0 0.422656 0.635417 0.042187 0.034722
0 0.854688 0.659028 0.046875 0.037500
0 0.718750 0.505556 0.046875 0.038889
0 0.788672 0.504861 0.046094 0.037500
0 0.224610 0.603472 0.049219 0.040278
0 0.800000 0.451388 0.050000 0.036111
0 0.082422 0.708333 0.049219 0.041667
0 0.060937 0.603472 0.053125 0.043056
