0 0.626953 0.672222 0.047656 0.033333
0 0.882812 0.560417 0.045313 0.034722
0 0.965625 0.494445 0.050000 0.038889
0 0.900781 0.389583 0.050000 0.034722
0 0.199219 0.518750 0.048438 0.037500
0 0.367578 0.642361 0.046094 0.034722
0 0.799609 0.502777 0.052344 0.038889
0 0.226953 0.602083 0.049219 0.040278
0 0.291797 0.648612 0.046094 0.036111
0 0.467188 0.634722 0.050000 0.036111
0 0.983594 0.445139 0.032813 0.034722
0 0.095312 0.605556 0.050000 0.038889
0 0.052735 0.700000 0.047656 0.033333
0 0.140234 0.653472 0.049219 0.037500
0 0.746874 0.617361 0.046875 0.034722
0 0.903125 0.631945 0.050000 0.044444
0 0.661718 0.506945 0.048438 0.033333
