0 0.538281 0.631944 0.045312 0.041667
0 0.339063 0.652778 0.048438 0.036111
0 0.512500 0.686111 0.046875 0.038889
0 0.739062 0.572917 0.046875 0.031944
0 0.803906 0.391667 0.051563 0.038889
0 0.697656 0.508333 0.051562 0.041667
0 0.660157 0.622223 0.048437 0.033333
0 0.228906 0.701388 0.048437 0.036111
0 0.737500 0.450000 0.048438 0.033333
0 0.978125 0.493055 0.042188 0.041667
0 0.268750 0.605556 0.048437 0.038889
0 0.769532 0.504166 0.045313 0.036111
0 0.133594 0.707639 0.050000 0.040278
0 0.589843 0.522222 0.045313 0.047222
0 0.960156 0.436805 0.046875 0.034722
0 0.933594 0.656250 0.050000 0.037500
0 0.082422 0.655555 0.049219 0.038889
0 0.469922 0.618056 0.044531 0.041667
0 0.108203 0.604167 0.050781 0.041667
