0 0.681250 0.577084 0.043750 0.031944
0 0.593360 0.521528 0.042969 0.040278
0 0.988672 0.436806 0.022656 0.037500
0 0.050781 0.656945 0.043750 0.036111
0 0.988281 0.491667 0.023438 0.038889
0 0.877344 0.659028 0.048438 0.034722
0 0.198828 0.701388 0.050781 0.036111
0 0.503906 0.635417 0.048437 0.040278
0 0.435156 0.630556 0.043750 0.038889
0 0.712500 0.507639 0.050000 0.040278
0 0.303516 0.652778 0.047656 0.033333
0 0.819532 0.392361 0.053125 0.040278
0 0.982812 0.599306 0.034375 0.034722
0 0.984375 0.551389 0.031250 0.033333
0 0.783203 0.504861 0.046094 0.037500
0 0.782031 0.450694 0.048438 0.037500
0 0.072265 0.604167 0.052344 0.041667
0 0.096485 0.709723 0.050781 0.041667
0 0.237500 0.603472 0.048437 0.040278
