0 0.335547 0.695833 0.042969 0.038889
0 0.870313 0.390972 0.048438 0.037500
0 0.341797 0.647223 0.044531 0.033333
0 0.808984 0.565972 0.049219 0.034722
0 0.988672 0.622917 0.022656 0.040278
0 0.104687 0.702083 0.050000 0.040278
0 0.094141 0.522223 0.047656 0.036111
0 0.198047 0.652778 0.050781 0.038889
0 0.282031 0.601388 0.048438 0.038889
0 0.713282 0.666667 0.046875 0.036111
0 0.766015 0.504166 0.049219 0.036111
0 0.536718 0.580556 0.045312 0.033333
0 0.832812 0.611111 0.042187 0.033333
0 0.144922 0.604861 0.049219 0.037500
0 0.628126 0.512500 0.046875 0.036111
0 0.921094 0.495834 0.046875 0.038889
0 0.913281 0.447917 0.050000 0.037500
0 0.517578 0.631945 0.049219 0.036111
0 0.832812 0.502777 0.046875 0.038889
