0 0.989062 0.553472 0.021875 0.037500
0 0.013672 0.708333 0.027344 0.038889
0 0.292187 0.600000 0.051563 0.038889
0 0.848437 0.609722 0.042187 0.038889
0 0.551172 0.579861 0.044531 0.034722
0 0.622656 0.511806 0.045312 0.034722
0 0.915625 0.497917 0.048438 0.037500
0 0.424218 0.641666 0.042187 0.033333
0 0.208985 0.652778 0.049219 0.038889
0 0.117188 0.701388 0.051563 0.036111
0 0.730468 0.665972 0.048437 0.040278
0 0.528125 0.631250 0.050000 0.037500
0 0.827344 0.503472 0.046875 0.040278
0 0.827344 0.563889 0.048438 0.036111
0 0.901563 0.449306 0.050000 0.037500
0 0.155469 0.604861 0.048437 0.037500
0 0.759375 0.505556 0.050000 0.041667
