0 0.422656 0.591667 0.042187 0.030556
0 0.575390 0.670833 0.046094 0.036111
0 0.104297 0.654166 0.052344 0.038889
0 0.826562 0.503472 0.050000 0.037500
0 0.024609 0.702083 0.049219 0.040278
0 0.193750 0.602083 0.050000 0.040278
0 0.695312 0.620834 0.043750 0.036111
0 0.338672 0.645833 0.044531 0.038889
0 0.065235 0.604861 0.047656 0.034722
0 0.838281 0.638889 0.051562 0.041667
0 0.256640 0.649305 0.044531 0.034722
0 0.685937 0.506945 0.050000 0.036111
0 0.921875 0.388194 0.051562 0.037500
0 0.909376 0.502083 0.046875 0.040278
