0 0.991406 0.652084 0.017188 0.043056
0 0.577735 0.681944 0.049219 0.036111
0 0.268750 0.700694 0.050000 0.034722
0 0.711719 0.621528 0.048438 0.034722
0 0.682813 0.452083 0.050000 0.034722
0 0.810937 0.569445 0.043750 0.033333
0 0.684375 0.507639 0.048438 0.037500
0 0.588282 0.628472 0.045312 0.034722
0 0.516015 0.604167 0.046094 0.041667
0 0.123047 0.656945 0.047656 0.036111
0 0.014453 0.658334 0.028906 0.036111
0 0.752344 0.504861 0.045312 0.034722
0 0.585156 0.527084 0.045312 0.054167
0 0.307812 0.604167 0.046875 0.038889
0 0.178125 0.708333 0.048437 0.038889
0 0.153125 0.605556 0.053125 0.038889
0 0.908594 0.438195 0.048438 0.034722
0 0.960938 0.493055 0.048437 0.041667
