0 0.337500 0.600694 0.050000 0.037500
0 0.557813 0.681944 0.046875 0.036111
0 0.573438 0.627777 0.046875 0.038889
0 0.260157 0.652778 0.051563 0.036111
0 0.913281 0.559028 0.045312 0.034722
0 0.160938 0.701388 0.050000 0.036111
0 0.892188 0.497917 0.050000 0.037500
0 0.604688 0.514583 0.050000 0.037500
0 0.805859 0.660417 0.046094 0.037500
0 0.050781 0.709028 0.048437 0.040278
0 0.839063 0.450000 0.050000 0.036111
0 0.841406 0.390277 0.053125 0.036111
0 0.920312 0.605556 0.046875 0.038889
0 0.394921 0.640278 0.044531 0.036111
0 0.017188 0.656945 0.034375 0.038889
0 0.803125 0.503472 0.046875 0.037500
0 0.734375 0.505556 0.048437 0.038889
0 0.032422 0.603472 0.052344 0.043056
0 0.197265 0.604167 0.049219 0.038889
