0 0.800781 0.642361 0.050000 0.040278
0 0.418359 0.636111 0.047656 0.033333
0 0.547656 0.675000 0.048438 0.038889
0 0.321094 0.645139 0.045312 0.037500
0 0.173828 0.602083 0.050781 0.040278
0 0.085547 0.655555 0.047656 0.038889
0 0.964063 0.657639 0.053125 0.040278
0 0.304688 0.516667 0.050000 0.038889
0 0.664843 0.622917 0.040625 0.034722
0 0.237110 0.649305 0.044531 0.034722
0 0.843750 0.502083 0.050000 0.037500
0 0.700390 0.506945 0.049219 0.036111
0 0.948438 0.562500 0.042187 0.033333
0 0.932813 0.499306 0.045312 0.037500
0 0.933594 0.388888 0.051562 0.036111
0 0.046484 0.605556 0.047656 0.036111
0 0.015625 0.701388 0.031250 0.036111
