0 0.007032 0.656945 0.014063 0.036111
0 0.554297 0.683334 0.046094 0.036111
0 0.256250 0.701388 0.053125 0.036111
0 0.569531 0.629861 0.045312 0.040278
0 0.365625 0.652084 0.042187 0.031944
0 0.732422 0.668056 0.049219 0.038889
0 0.689453 0.507639 0.046094 0.034722
0 0.693750 0.621528 0.050000 0.037500
0 0.586719 0.525694 0.045312 0.048611
0 0.498437 0.608334 0.043750 0.044444
0 0.978906 0.654166 0.042188 0.036111
0 0.161328 0.708333 0.049219 0.038889
0 0.757422 0.505556 0.046094 0.036111
0 0.926562 0.437500 0.045312 0.033333
0 0.785157 0.572223 0.045313 0.033333
0 0.702344 0.451388 0.048438 0.036111
0 0.295312 0.604861 0.050000 0.040278
0 0.969531 0.493055 0.051563 0.041667
0 0.108984 0.656250 0.049219 0.037500
0 0.136328 0.604167 0.052344 0.041667
