0 0.588282 0.672222 0.045312 0.033333
0 0.114453 0.654166 0.050781 0.038889
0 0.901563 0.501389 0.046875 0.038889
0 0.682031 0.506250 0.050000 0.034722
0 0.707031 0.620139 0.042188 0.034722
0 0.343750 0.646528 0.046875 0.037500
0 0.432813 0.590972 0.043750 0.034722
0 0.249219 0.517361 0.051563 0.037500
0 0.201954 0.600694 0.050781 0.040278
0 0.265625 0.648611 0.046875 0.033333
0 0.915625 0.388888 0.051562 0.038889
0 0.445312 0.636111 0.051562 0.038889
0 0.031250 0.700000 0.051562 0.038889
0 0.071484 0.605556 0.047656 0.038889
0 0.819921 0.502777 0.049219 0.038889
0 0.853906 0.635417 0.053125 0.043056
