0 0.343360 0.599306 0.050781 0.040278
0 0.401954 0.640278 0.044531 0.033333
0 0.470313 0.637500 0.046875 0.036111
0 0.925782 0.556944 0.046875 0.036111
0 0.582032 0.627777 0.046875 0.038889
0 0.567187 0.682639 0.045312 0.034722
0 0.837500 0.390277 0.051562 0.036111
0 0.165625 0.700000 0.046875 0.033333
0 0.800782 0.503472 0.046875 0.037500
0 0.816407 0.660417 0.048437 0.034722
0 0.266016 0.652778 0.050781 0.036111
0 0.056641 0.707639 0.047656 0.037500
0 0.930469 0.605556 0.043750 0.038889
0 0.601172 0.517361 0.046094 0.037500
0 0.729688 0.505556 0.046875 0.038889
0 0.829688 0.450694 0.048438 0.037500
0 0.021094 0.656250 0.042188 0.037500
0 0.204297 0.604167 0.047656 0.041667
0 0.038281 0.604167 0.053125 0.041667
