0 0.472656 0.689583 0.050000 0.037500
0 0.628907 0.627083 0.048437 0.034722
0 0.986719 0.598612 0.025000 0.038889
0 0.989453 0.551389 0.021094 0.038889
0 0.310938 0.652778 0.050000 0.038889
0 0.986328 0.490972 0.027344 0.040278
0 0.886718 0.658334 0.046875 0.033333
0 0.815625 0.391667 0.051563 0.038889
0 0.592187 0.521528 0.045312 0.043056
0 0.985938 0.436111 0.028125 0.033333
0 0.441016 0.627777 0.046094 0.038889
0 0.510547 0.634723 0.047656 0.041667
0 0.203906 0.701388 0.048437 0.036111
0 0.710156 0.506945 0.048438 0.041667
0 0.243750 0.604167 0.050000 0.041667
0 0.775000 0.450694 0.050000 0.037500
0 0.780860 0.504166 0.049219 0.036111
0 0.104296 0.708333 0.049219 0.041667
0 0.057031 0.655555 0.048438 0.038889
0 0.080078 0.604167 0.050781 0.041667
