0 0.212890 0.701388 0.049219 0.036111
0 0.485156 0.689583 0.045312 0.037500
0 0.811719 0.392361 0.048438 0.034722
0 0.867969 0.499306 0.050000 0.037500
0 0.980469 0.436111 0.039062 0.033333
0 0.637500 0.626389 0.050000 0.036111
0 0.901563 0.658334 0.046875 0.038889
0 0.706250 0.573611 0.043750 0.030556
0 0.517969 0.634028 0.048438 0.037500
0 0.065235 0.656250 0.044531 0.037500
0 0.319531 0.652778 0.048438 0.036111
0 0.777343 0.504166 0.045313 0.036111
0 0.590625 0.521528 0.045312 0.045833
0 0.253516 0.603472 0.049219 0.037500
0 0.762109 0.450000 0.049219 0.036111
0 0.705469 0.506945 0.046875 0.036111
0 0.984375 0.493055 0.031250 0.036111
0 0.448829 0.625695 0.044531 0.045833
0 0.113281 0.708333 0.050000 0.038889
0 0.088672 0.604167 0.053906 0.041667
