0 0.491406 0.584028 0.043750 0.031944
0 0.922656 0.559028 0.043750 0.037500
0 0.889062 0.390972 0.048438 0.031944
0 0.782031 0.615278 0.045312 0.036111
0 0.164844 0.652778 0.051562 0.038889
0 0.944531 0.628472 0.050000 0.043056
0 0.074609 0.703472 0.050781 0.040278
0 0.247657 0.601389 0.051563 0.041667
0 0.946094 0.495139 0.046875 0.037500
0 0.116016 0.605556 0.047656 0.036111
0 0.386719 0.643056 0.048438 0.036111
0 0.662500 0.668750 0.046875 0.034722
0 0.157031 0.519444 0.048437 0.038889
0 0.312109 0.647917 0.046094 0.034722
0 0.646875 0.510417 0.050000 0.037500
0 0.855468 0.502083 0.048437 0.037500
0 0.785937 0.505556 0.048438 0.038889
0 0.958594 0.445833 0.050000 0.038889
