0 0.821875 0.447222 0.050000 0.038889
0 0.894532 0.559723 0.045313 0.036111
0 0.638281 0.670139 0.048438 0.031944
0 0.473437 0.586111 0.043750 0.033333
0 0.959375 0.494445 0.045312 0.038889
0 0.716406 0.571528 0.048438 0.031944
0 0.472656 0.634722 0.048438 0.036111
0 0.898438 0.389583 0.051562 0.034722
0 0.372266 0.645139 0.047656 0.034722
0 0.147265 0.652778 0.049219 0.038889
0 0.187891 0.519444 0.049219 0.038889
0 0.657031 0.508333 0.050000 0.038889
0 0.296484 0.648611 0.044531 0.033333
0 0.915625 0.630556 0.053125 0.044444
0 0.102344 0.604861 0.048437 0.037500
0 0.233203 0.602083 0.049219 0.040278
0 0.757031 0.616667 0.045312 0.033333
0 0.058203 0.701388 0.047656 0.036111
0 0.978125 0.445139 0.042188 0.037500
0 0.869531 0.502083 0.050000 0.040278
0 0.796094 0.504166 0.050000 0.038889
