0 0.557032 0.630556 0.048438 0.041667
0 0.963282 0.653472 0.046875 0.037500
0 0.797265 0.391667 0.044531 0.036111
0 0.099219 0.656945 0.045312 0.038889
0 0.538281 0.684723 0.045312 0.038889
0 0.766797 0.569444 0.044531 0.030556
0 0.691407 0.506945 0.045313 0.036111
0 0.588282 0.525000 0.045312 0.047222
0 0.681250 0.621528 0.048438 0.037500
0 0.487500 0.611111 0.043750 0.044444
0 0.246093 0.701388 0.051562 0.036111
0 0.761718 0.504166 0.048437 0.036111
0 0.716406 0.451388 0.050000 0.036111
0 0.939063 0.438194 0.045312 0.037500
0 0.152344 0.708333 0.048438 0.038889
0 0.126171 0.604167 0.050781 0.041667
0 0.972656 0.493750 0.050000 0.040278
0 0.283984 0.604167 0.047656 0.038889
