0 0.779687 0.447917 0.050000 0.037500
0 0.880469 0.390972 0.050000 0.034722
0 0.804688 0.613888 0.045313 0.036111
0 0.684375 0.666667 0.050000 0.038889
0 0.776172 0.504861 0.049219 0.037500
0 0.510938 0.583333 0.043750 0.033333
0 0.263281 0.602777 0.051563 0.038889
0 0.969531 0.625000 0.051563 0.041667
0 0.325782 0.647917 0.045313 0.034722
0 0.129688 0.520833 0.046875 0.036111
0 0.399219 0.640278 0.048438 0.036111
0 0.178515 0.653472 0.049219 0.037500
0 0.129297 0.604861 0.049219 0.037500
0 0.089063 0.703472 0.051562 0.040278
0 0.938281 0.446528 0.048438 0.034722
0 0.934374 0.495834 0.046875 0.038889
0 0.636718 0.510417 0.045313 0.037500
0 0.844531 0.502777 0.048438 0.038889
