0 0.007812 0.605556 0.015625 0.036111
0 0.453125 0.594445 0.046875 0.038889
0 0.276562 0.701389 0.046875 0.030556
0 0.393359 0.650694 0.041406 0.034722
0 0.671094 0.452777 0.048438 0.033333
0 0.721874 0.618055 0.053125 0.036111
0 0.682032 0.505556 0.046875 0.033333
0 0.185547 0.708333 0.050781 0.038889
0 0.527734 0.602777 0.046094 0.041667
0 0.316797 0.604167 0.047656 0.036111
0 0.584375 0.527084 0.046875 0.054167
0 0.596485 0.627083 0.046094 0.034722
0 0.747656 0.505556 0.045312 0.036111
0 0.132031 0.655555 0.048437 0.038889
0 0.161718 0.604167 0.051563 0.041667
0 0.958594 0.493055 0.050000 0.041667
0 0.017188 0.657639 0.034375 0.034722
0 0.897656 0.438194 0.048438 0.037500
