0 0.321094 0.695833 0.042187 0.036111
0 0.785157 0.567361 0.046875 0.037500
0 0.769922 0.447222 0.047656 0.038889
0 0.977344 0.623611 0.042187 0.041667
0 0.814063 0.615972 0.043750 0.037500
0 0.692187 0.667361 0.046875 0.037500
0 0.268359 0.601388 0.050781 0.038889
0 0.928906 0.495834 0.046875 0.038889
0 0.519922 0.582639 0.041406 0.031944
0 0.332031 0.647223 0.045312 0.033333
0 0.117578 0.520833 0.046094 0.036111
0 0.184765 0.652778 0.049219 0.038889
0 0.840625 0.502777 0.045312 0.036111
0 0.773438 0.504861 0.050000 0.037500
0 0.505859 0.632639 0.046094 0.037500
0 0.094141 0.704166 0.052344 0.041667
0 0.931250 0.447917 0.046875 0.037500
0 0.633594 0.511806 0.045312 0.040278
0 0.133594 0.605556 0.048437 0.038889
