0 0.555078 0.631250 0.047656 0.040278
0 0.534766 0.686111 0.046094 0.038889
0 0.797656 0.391667 0.045312 0.036111
0 0.764062 0.572222 0.043750 0.030556
0 0.588282 0.525000 0.045312 0.047222
0 0.691797 0.506945 0.046094 0.036111
0 0.243360 0.701388 0.049219 0.036111
0 0.762500 0.504861 0.048438 0.037500
0 0.096485 0.655555 0.049219 0.036111
0 0.958594 0.654861 0.051562 0.037500
0 0.719140 0.451388 0.050781 0.036111
0 0.678516 0.622917 0.047656 0.037500
0 0.973437 0.493055 0.051563 0.041667
0 0.485546 0.613195 0.044531 0.043056
0 0.121875 0.605555 0.053125 0.041667
0 0.149219 0.708333 0.048437 0.038889
0 0.941407 0.436805 0.046875 0.034722
0 0.283593 0.604167 0.048437 0.038889
