0 0.718750 0.618055 0.043750 0.036111
0 0.912500 0.388888 0.048438 0.036111
0 0.452344 0.634722 0.051563 0.036111
0 0.037891 0.700694 0.049219 0.037500
0 0.600781 0.672222 0.045312 0.033333
0 0.812500 0.502777 0.050000 0.036111
0 0.123047 0.654166 0.052344 0.038889
0 0.352734 0.645139 0.047656 0.034722
0 0.442578 0.588889 0.046094 0.033333
0 0.079687 0.606250 0.048438 0.037500
0 0.272656 0.648611 0.045312 0.033333
0 0.674219 0.506945 0.048438 0.036111
0 0.233203 0.517361 0.049219 0.037500
0 0.208985 0.602083 0.049219 0.040278
0 0.892969 0.500694 0.048438 0.037500
0 0.867968 0.634723 0.053125 0.041667
