0 0.476562 0.688889 0.046875 0.038889
0 0.988281 0.599306 0.023438 0.040278
0 0.630468 0.627777 0.046875 0.036111
0 0.696094 0.574306 0.042187 0.029167
0 0.511719 0.634723 0.045313 0.038889
0 0.312891 0.652778 0.049219 0.038889
0 0.985938 0.492361 0.028125 0.040278
0 0.205468 0.701388 0.048437 0.036111
0 0.591797 0.521528 0.044531 0.043056
0 0.890625 0.658334 0.046875 0.036111
0 0.442968 0.627777 0.045313 0.038889
0 0.815625 0.391667 0.051563 0.038889
0 0.244531 0.604861 0.048437 0.037500
0 0.708593 0.506945 0.048438 0.041667
0 0.779297 0.504166 0.046094 0.036111
0 0.984375 0.436111 0.031250 0.033333
0 0.105859 0.706945 0.049219 0.041667
0 0.771484 0.450694 0.047656 0.034722
0 0.058203 0.654861 0.046094 0.037500
0 0.082422 0.604167 0.050781 0.041667
