0 0.477344 0.584028 0.042187 0.031944
0 0.477344 0.634028 0.048438 0.034722
0 0.956250 0.494445 0.048438 0.038889
0 0.642188 0.671528 0.046875 0.034722
0 0.376953 0.644444 0.044531 0.033333
0 0.654687 0.509028 0.050000 0.037500
0 0.152734 0.652778 0.050781 0.038889
0 0.180860 0.519444 0.049219 0.038889
0 0.921094 0.630556 0.051563 0.044444
0 0.060547 0.702083 0.047656 0.034722
0 0.236328 0.602083 0.050781 0.040278
0 0.300391 0.649305 0.044531 0.034722
0 0.865625 0.502777 0.046875 0.038889
0 0.896875 0.390277 0.050000 0.036111
0 0.974219 0.445833 0.050000 0.036111
0 0.105078 0.605556 0.047656 0.036111
0 0.764062 0.615278 0.045312 0.036111
0 0.792969 0.504861 0.050000 0.040278
