0 0.008594 0.656250 0.017188 0.037500
0 0.687890 0.507639 0.047656 0.034722
0 0.557422 0.683334 0.046094 0.036111
0 0.258204 0.700694 0.050781 0.034722
0 0.585938 0.525694 0.046875 0.051389
0 0.694531 0.620834 0.048438 0.036111
0 0.111328 0.656945 0.047656 0.036111
0 0.367969 0.651389 0.040625 0.030556
0 0.571094 0.629166 0.048438 0.036111
0 0.698047 0.452083 0.047656 0.034722
0 0.980469 0.654166 0.037500 0.033333
0 0.502344 0.608334 0.045313 0.044444
0 0.755859 0.504861 0.046094 0.034722
0 0.165625 0.706944 0.050000 0.038889
0 0.296484 0.605556 0.049219 0.038889
0 0.968750 0.493055 0.051562 0.041667
0 0.923438 0.438194 0.050000 0.037500
0 0.139063 0.604861 0.053125 0.040278
