0 0.331641 0.600000 0.047656 0.038889
0 0.896875 0.561111 0.046875 0.033333
0 0.607031 0.515972 0.045312 0.034722
0 0.459375 0.638888 0.046875 0.038889
0 0.024219 0.604167 0.048438 0.041667
0 0.251953 0.652778 0.050781 0.038889
0 0.896094 0.497917 0.050000 0.040278
0 0.846094 0.391667 0.053125 0.038889
0 0.015625 0.655555 0.031250 0.038889
0 0.564844 0.627777 0.045312 0.038889
0 0.791407 0.661111 0.048438 0.033333
0 0.544531 0.683334 0.048438 0.038889
0 0.736719 0.506945 0.048438 0.038889
0 0.907813 0.605556 0.046875 0.038889
0 0.388282 0.642361 0.042187 0.034722
0 0.807032 0.502083 0.046875 0.034722
0 0.152734 0.700694 0.049219 0.034722
0 0.041016 0.707639 0.050781 0.040278
0 0.191406 0.604861 0.048438 0.040278
0 0.850000 0.450694 0.050000 0.037500
