0 0.335546 0.600000 0.049219 0.038889
0 0.464063 0.638888 0.045312 0.038889
0 0.909375 0.559028 0.045312 0.034722
0 0.604688 0.514583 0.046875 0.037500
0 0.554688 0.681944 0.046875 0.036111
0 0.571484 0.627777 0.047656 0.038889
0 0.801953 0.661806 0.047656 0.037500
0 0.892969 0.497917 0.050000 0.040278
0 0.257813 0.653472 0.050000 0.034722
0 0.158594 0.700694 0.050000 0.034722
0 0.917188 0.605556 0.043750 0.038889
0 0.048047 0.708333 0.049219 0.038889
0 0.195312 0.604167 0.048438 0.038889
0 0.393359 0.640278 0.044531 0.036111
0 0.842188 0.390277 0.053125 0.036111
0 0.841406 0.450000 0.050000 0.038889
0 0.735156 0.505556 0.048438 0.038889
0 0.803906 0.502777 0.048438 0.036111
0 0.016797 0.656945 0.033594 0.038889
0 0.030859 0.603472 0.052344 0.043056
