0 0.350000 0.651389 0.046875 0.036111
0 0.550391 0.630556 0.047656 0.038889
0 0.702344 0.672222 0.048438 0.033333
0 0.529687 0.685417 0.046875 0.040278
0 0.952344 0.655555 0.045312 0.033333
0 0.799219 0.392361 0.045312 0.037500
0 0.239844 0.700000 0.048437 0.033333
0 0.757031 0.570833 0.043750 0.030556
0 0.764844 0.506250 0.043750 0.037500
0 0.674609 0.621528 0.050781 0.037500
0 0.091797 0.655555 0.047656 0.036111
0 0.975000 0.493055 0.050000 0.041667
0 0.119140 0.605555 0.050781 0.041667
0 0.589063 0.523611 0.046875 0.050000
0 0.693750 0.508333 0.050000 0.038889
0 0.280079 0.604861 0.049219 0.037500
0 0.947657 0.437500 0.048438 0.036111
0 0.724609 0.450694 0.047656 0.034722
0 0.144531 0.708333 0.050000 0.038889
0 0.481250 0.613889 0.045312 0.044444
