0 0.009765 0.606250 0.019531 0.034722
0 0.138672 0.656250 0.044531 0.037500
0 0.662500 0.454166 0.048438 0.030556
0 0.679688 0.506250 0.043750 0.031944
0 0.282031 0.700000 0.048438 0.033333
0 0.604688 0.626389 0.046875 0.036111
0 0.730468 0.616667 0.048437 0.038889
0 0.889062 0.437500 0.046875 0.033333
0 0.192188 0.706945 0.051562 0.041667
0 0.321875 0.604167 0.050000 0.038889
0 0.167578 0.604167 0.052344 0.041667
0 0.584375 0.527084 0.046875 0.054167
0 0.533594 0.599306 0.045312 0.043056
0 0.745703 0.506250 0.042969 0.034722
0 0.954688 0.493055 0.050000 0.041667
0 0.021485 0.656945 0.042969 0.036111
