0 0.086719 0.656945 0.045313 0.036111
0 0.801953 0.391667 0.047656 0.036111
0 0.519531 0.685417 0.048437 0.040278
0 0.664844 0.623611 0.045312 0.036111
0 0.342969 0.652778 0.045312 0.033333
0 0.745313 0.572917 0.043750 0.031944
0 0.543750 0.631944 0.050000 0.041667
0 0.233594 0.700000 0.050000 0.033333
0 0.138281 0.708333 0.048438 0.038889
0 0.977344 0.492361 0.043750 0.040278
0 0.941407 0.656250 0.045313 0.034722
0 0.589063 0.522917 0.045312 0.048611
0 0.696484 0.508333 0.047656 0.038889
0 0.767188 0.503472 0.046875 0.034722
0 0.732031 0.450000 0.048438 0.033333
0 0.955469 0.436805 0.046875 0.034722
0 0.271485 0.604167 0.049219 0.038889
0 0.112501 0.604167 0.053125 0.041667
0 0.474219 0.617361 0.043750 0.043056
