0 0.978125 0.656250 0.043750 0.040278
0 0.336328 0.702778 0.042969 0.033333
0 0.558593 0.674306 0.045313 0.040278
0 0.428125 0.636806 0.050000 0.034722
0 0.289844 0.516667 0.048438 0.038889
0 0.835938 0.503472 0.048437 0.037500
0 0.328125 0.646528 0.045312 0.034722
0 0.923438 0.499306 0.045312 0.037500
0 0.182812 0.602083 0.050000 0.040278
0 0.092188 0.654861 0.050000 0.037500
0 0.693359 0.506250 0.047656 0.040278
0 0.245703 0.647917 0.046094 0.034722
0 0.054297 0.606250 0.047656 0.034722
0 0.676562 0.623611 0.043750 0.036111
0 0.928125 0.387500 0.050000 0.036111
0 0.961718 0.561805 0.040625 0.034722
0 0.018750 0.701388 0.037500 0.036111
