0 0.552734 0.629861 0.046094 0.040278
0 0.532422 0.684723 0.046094 0.038889
0 0.798438 0.393056 0.043750 0.036111
0 0.692187 0.509723 0.050000 0.038889
0 0.241406 0.700694 0.048437 0.034722
0 0.763672 0.505556 0.046094 0.036111
0 0.955469 0.654166 0.048438 0.036111
0 0.588282 0.523611 0.045312 0.050000
0 0.760938 0.572223 0.045312 0.033333
0 0.676562 0.622917 0.050000 0.037500
0 0.975000 0.492361 0.050000 0.043056
0 0.093359 0.655555 0.046094 0.036111
0 0.944531 0.437500 0.046875 0.036111
0 0.281250 0.604167 0.046875 0.041667
0 0.482812 0.613889 0.043750 0.044444
0 0.121484 0.605555 0.052344 0.041667
0 0.146484 0.709028 0.049219 0.040278
0 0.721876 0.450694 0.046875 0.034722
