0 0.990625 0.491667 0.018750 0.038889
0 0.297656 0.652778 0.048438 0.036111
0 0.594531 0.519445 0.048438 0.041667
0 0.498047 0.636111 0.046094 0.038889
0 0.978906 0.553472 0.042188 0.034722
0 0.427735 0.632639 0.044531 0.037500
0 0.823438 0.390277 0.051563 0.036111
0 0.975781 0.601389 0.043750 0.041667
0 0.192188 0.701388 0.050000 0.036111
0 0.865625 0.659028 0.046875 0.037500
0 0.787109 0.504166 0.046094 0.036111
0 0.715624 0.506945 0.046875 0.038889
0 0.791797 0.450694 0.049219 0.037500
0 0.089062 0.708333 0.050000 0.038889
0 0.067578 0.604861 0.050781 0.043056
0 0.231251 0.604167 0.046875 0.041667
0 0.045313 0.654861 0.046875 0.037500
