0 0.758594 0.447222 0.048438 0.038889
0 0.515625 0.631945 0.050000 0.036111
0 0.802344 0.568056 0.050000 0.036111
0 0.331250 0.695833 0.043750 0.036111
0 0.826562 0.612500 0.043750 0.033333
0 0.101562 0.702778 0.048438 0.038889
0 0.707812 0.668056 0.046875 0.036111
0 0.338282 0.647917 0.042187 0.031944
0 0.530860 0.581250 0.044531 0.031944
0 0.277344 0.602083 0.048438 0.040278
0 0.193360 0.653472 0.050781 0.037500
0 0.629687 0.512500 0.046875 0.036111
0 0.923438 0.495834 0.048438 0.038889
0 0.141797 0.605556 0.047656 0.038889
0 0.767578 0.504861 0.047656 0.037500
0 0.920312 0.448612 0.046875 0.038889
0 0.835156 0.505556 0.045312 0.038889
