0 0.500000 0.635417 0.046875 0.037500
0 0.372657 0.597916 0.048437 0.031944
0 0.989844 0.490972 0.020312 0.040278
0 0.298438 0.652778 0.046875 0.036111
0 0.593750 0.519444 0.046875 0.038889
0 0.674609 0.577084 0.042969 0.031944
0 0.981250 0.552777 0.037500 0.033333
0 0.714843 0.507639 0.046875 0.037500
0 0.822656 0.390972 0.051562 0.037500
0 0.979297 0.600000 0.041406 0.038889
0 0.194531 0.701388 0.051562 0.036111
0 0.785547 0.504166 0.046094 0.036111
0 0.430469 0.632639 0.045312 0.037500
0 0.869532 0.659028 0.048438 0.037500
0 0.788671 0.450694 0.049219 0.037500
0 0.068750 0.604167 0.053125 0.041667
0 0.091406 0.709723 0.050000 0.041667
0 0.233203 0.603472 0.049219 0.040278
0 0.046094 0.656250 0.045313 0.037500
