0 0.609375 0.671528 0.048437 0.034722
0 0.455469 0.635417 0.051563 0.037500
0 0.214844 0.602777 0.051563 0.038889
0 0.885938 0.501389 0.046875 0.041667
0 0.279297 0.648611 0.042969 0.033333
0 0.128125 0.654166 0.048437 0.036111
0 0.668750 0.506945 0.048438 0.036111
0 0.729297 0.618055 0.044531 0.036111
0 0.908594 0.389583 0.051562 0.034722
0 0.221093 0.518056 0.048437 0.038889
0 0.042578 0.700000 0.049219 0.038889
0 0.878906 0.634723 0.050000 0.041667
0 0.083985 0.605556 0.047656 0.038889
0 0.809375 0.503472 0.050000 0.040278
