0 0.358594 0.695833 0.045312 0.036111
0 0.012890 0.602777 0.025781 0.041667
0 0.862500 0.609028 0.043750 0.037500
0 0.860938 0.389583 0.051562 0.034722
0 0.842187 0.563889 0.046875 0.036111
0 0.564063 0.578472 0.043750 0.031944
0 0.536718 0.630556 0.048438 0.038889
0 0.432032 0.639583 0.046875 0.034722
0 0.743359 0.663888 0.047656 0.038889
0 0.124219 0.702778 0.048437 0.038889
0 0.619532 0.514583 0.046875 0.034722
0 0.302343 0.601389 0.051563 0.041667
0 0.017578 0.705556 0.035156 0.036111
0 0.219922 0.652778 0.052344 0.038889
0 0.910157 0.496528 0.046875 0.040278
0 0.059375 0.522223 0.050000 0.036111
0 0.889844 0.450000 0.050000 0.038889
0 0.163672 0.604861 0.047656 0.040278
0 0.821484 0.504166 0.046094 0.038889
0 0.754687 0.504166 0.046875 0.036111
