0 0.500781 0.686111 0.046875 0.038889
0 0.074219 0.657639 0.043750 0.037500
0 0.808984 0.391667 0.049219 0.038889
0 0.330078 0.652083 0.047656 0.034722
0 0.724218 0.575000 0.045312 0.033333
0 0.702344 0.507639 0.045312 0.037500
0 0.529687 0.633333 0.048438 0.041667
0 0.651563 0.624305 0.053125 0.034722
0 0.772656 0.504861 0.045312 0.034722
0 0.971094 0.436111 0.046875 0.036111
0 0.221484 0.701388 0.047656 0.036111
0 0.980859 0.493055 0.038281 0.041667
0 0.749219 0.451388 0.048438 0.036111
0 0.097657 0.605555 0.053125 0.041667
0 0.589843 0.522222 0.045313 0.047222
0 0.461329 0.619444 0.044531 0.044444
0 0.920312 0.656945 0.051562 0.038889
0 0.260547 0.603472 0.047656 0.040278
0 0.124219 0.709723 0.050000 0.041667
