0 0.866406 0.559723 0.048438 0.036111
0 0.038672 0.523612 0.047656 0.036111
0 0.136328 0.701388 0.049219 0.036111
0 0.854688 0.392361 0.048438 0.037500
0 0.519532 0.685417 0.046875 0.040278
0 0.765625 0.663195 0.046875 0.034722
0 0.312500 0.600000 0.053125 0.038889
0 0.370703 0.647223 0.042969 0.033333
0 0.903906 0.497917 0.048438 0.037500
0 0.614453 0.515278 0.049219 0.033333
0 0.232812 0.652778 0.050000 0.036111
0 0.882031 0.608334 0.043750 0.033333
0 0.748047 0.506945 0.049219 0.036111
0 0.442578 0.638888 0.046094 0.036111
0 0.024609 0.708333 0.047656 0.038889
0 0.548828 0.629861 0.047656 0.037500
0 0.814453 0.503472 0.044531 0.037500
0 0.173828 0.604167 0.050781 0.038889
0 0.871874 0.449306 0.046875 0.037500
