0 0.526953 0.633333 0.046094 0.038889
0 0.498437 0.687500 0.046875 0.038889
0 0.973437 0.437500 0.048438 0.036111
0 0.809375 0.392361 0.048438 0.037500
0 0.328516 0.651389 0.047656 0.036111
0 0.720313 0.574306 0.045312 0.034722
0 0.649219 0.625000 0.051563 0.036111
0 0.702344 0.507639 0.045312 0.037500
0 0.071875 0.656250 0.046875 0.037500
0 0.982422 0.492361 0.035156 0.040278
0 0.218750 0.701388 0.050000 0.036111
0 0.753125 0.451388 0.050000 0.036111
0 0.590234 0.523611 0.044531 0.047222
0 0.773438 0.504861 0.045313 0.034722
0 0.916406 0.656945 0.050000 0.038889
0 0.096093 0.605555 0.053125 0.041667
0 0.459375 0.620139 0.043750 0.043056
0 0.258594 0.604167 0.048438 0.038889
0 0.121094 0.709723 0.050000 0.041667
