0 0.165234 0.519444 0.047656 0.038889
0 0.487500 0.583333 0.042187 0.033333
0 0.949999 0.494445 0.046875 0.038889
0 0.159766 0.652778 0.050781 0.038889
0 0.383985 0.642361 0.044531 0.034722
0 0.655469 0.669444 0.045312 0.033333
0 0.244141 0.602083 0.050781 0.040278
0 0.937500 0.628472 0.050000 0.043056
0 0.484375 0.634722 0.050000 0.036111
0 0.650391 0.509722 0.049219 0.036111
0 0.777343 0.615278 0.045313 0.036111
0 0.964063 0.444445 0.048438 0.033333
0 0.891406 0.390972 0.048438 0.034722
0 0.070312 0.703472 0.050000 0.040278
0 0.788671 0.505556 0.049219 0.038889
0 0.307812 0.648612 0.046875 0.036111
0 0.111328 0.604167 0.049219 0.036111
0 0.859375 0.500694 0.048437 0.037500
