0 0.425000 0.591667 0.043750 0.030556
0 0.025781 0.702778 0.050000 0.038889
0 0.578906 0.672222 0.050000 0.038889
0 0.824219 0.502777 0.051562 0.038889
0 0.106640 0.654166 0.050781 0.038889
0 0.260547 0.517361 0.047656 0.037500
0 0.194140 0.602083 0.050781 0.040278
0 0.696875 0.622223 0.043750 0.033333
0 0.340234 0.646528 0.042969 0.034722
0 0.066407 0.606250 0.048437 0.034722
0 0.258594 0.649305 0.045313 0.034722
0 0.842188 0.637500 0.054688 0.041667
0 0.685156 0.506945 0.051562 0.036111
0 0.920312 0.388194 0.051562 0.037500
0 0.907813 0.502083 0.045312 0.040278
