0 0.581641 0.681250 0.046094 0.034722
0 0.447657 0.593750 0.045313 0.034722
0 0.125781 0.656250 0.043750 0.037500
0 0.714843 0.620139 0.048437 0.034722
0 0.271094 0.701388 0.050000 0.036111
0 0.679297 0.452083 0.050781 0.034722
0 0.815625 0.568056 0.043750 0.030556
0 0.590624 0.628472 0.046875 0.034722
0 0.683593 0.506250 0.048437 0.034722
0 0.517187 0.604167 0.043750 0.041667
0 0.751563 0.504861 0.046875 0.034722
0 0.584375 0.527778 0.045312 0.052778
0 0.178906 0.708333 0.048437 0.038889
0 0.308594 0.604167 0.048438 0.036111
0 0.904687 0.437500 0.046875 0.036111
0 0.015625 0.658334 0.031250 0.036111
0 0.155079 0.605555 0.050781 0.041667
0 0.960156 0.492361 0.051563 0.040278
