0 0.125391 0.519444 0.046094 0.038889
0 0.503906 0.633333 0.048437 0.033333
0 0.807422 0.613194 0.046094 0.034722
0 0.973437 0.625000 0.048438 0.044444
0 0.879687 0.390972 0.053125 0.037500
0 0.777734 0.568056 0.049219 0.036111
0 0.688281 0.666667 0.048438 0.036111
0 0.401563 0.640972 0.045312 0.034722
0 0.514062 0.582639 0.043750 0.034722
0 0.265235 0.602083 0.050781 0.040278
0 0.776563 0.504861 0.050000 0.037500
0 0.932813 0.495833 0.048438 0.041667
0 0.328906 0.647223 0.045312 0.033333
0 0.179688 0.653472 0.050000 0.037500
0 0.091015 0.702778 0.050781 0.038889
0 0.130469 0.605556 0.048438 0.038889
0 0.635938 0.510417 0.046875 0.037500
0 0.842969 0.502083 0.046875 0.037500
0 0.935937 0.447917 0.050000 0.037500
