0 0.740625 0.450694 0.050000 0.034722
0 0.335547 0.652083 0.046094 0.037500
0 0.227344 0.701388 0.048438 0.036111
0 0.510157 0.687500 0.045313 0.038889
0 0.698438 0.508333 0.050000 0.038889
0 0.734375 0.573612 0.046875 0.036111
0 0.536328 0.631250 0.047656 0.040278
0 0.962500 0.436111 0.045312 0.033333
0 0.804688 0.391667 0.051562 0.038889
0 0.657813 0.623611 0.048438 0.036111
0 0.979297 0.492361 0.041406 0.040278
0 0.770312 0.504166 0.045312 0.036111
0 0.929688 0.657639 0.048437 0.034722
0 0.589843 0.522222 0.045313 0.047222
0 0.267578 0.604861 0.047656 0.037500
0 0.467969 0.618055 0.046875 0.047222
0 0.131250 0.708333 0.048437 0.038889
0 0.080860 0.655555 0.050781 0.038889
0 0.105859 0.604861 0.050781 0.043056
