0 0.402734 0.640972 0.044531 0.034722
0 0.878125 0.390972 0.051563 0.037500
0 0.976562 0.623611 0.046875 0.041667
0 0.267578 0.602083 0.049219 0.040278
0 0.516796 0.582639 0.042969 0.031944
0 0.689844 0.665972 0.045312 0.037500
0 0.782422 0.568056 0.049219 0.036111
0 0.330468 0.647223 0.045313 0.033333
0 0.775000 0.504861 0.050000 0.037500
0 0.931250 0.495833 0.050000 0.041667
0 0.810156 0.613888 0.045312 0.036111
0 0.183203 0.653472 0.050781 0.037500
0 0.092188 0.702083 0.053125 0.037500
0 0.121094 0.520139 0.050000 0.037500
0 0.503906 0.632639 0.048437 0.037500
0 0.132031 0.604861 0.048437 0.040278
0 0.842187 0.502777 0.046875 0.036111
0 0.635157 0.511112 0.045312 0.038889
0 0.933593 0.447222 0.048437 0.038889
