0 0.867968 0.390277 0.053125 0.036111
0 0.992969 0.622222 0.014062 0.041667
0 0.840625 0.612500 0.042187 0.038889
0 0.347656 0.646528 0.045312 0.031944
0 0.284766 0.601388 0.052344 0.038889
0 0.815626 0.565277 0.046875 0.036111
0 0.203125 0.652778 0.048438 0.036111
0 0.541797 0.579861 0.046094 0.034722
0 0.110937 0.702778 0.050000 0.038889
0 0.720313 0.665277 0.050000 0.041667
0 0.917968 0.495833 0.048437 0.041667
0 0.521875 0.631945 0.048438 0.038889
0 0.762500 0.505556 0.050000 0.038889
0 0.625781 0.511806 0.048438 0.034722
0 0.148438 0.604861 0.050000 0.037500
0 0.830469 0.503472 0.046875 0.037500
0 0.909375 0.448611 0.048438 0.036111
