0 0.898438 0.500695 0.046875 0.040278
0 0.591015 0.672222 0.047656 0.033333
0 0.435157 0.590278 0.045313 0.036111
0 0.346093 0.645833 0.048437 0.036111
0 0.680079 0.506250 0.049219 0.034722
0 0.709766 0.620834 0.046094 0.036111
0 0.267578 0.649305 0.046094 0.034722
0 0.032813 0.701388 0.048437 0.036111
0 0.245704 0.517361 0.049219 0.040278
0 0.914844 0.388888 0.051563 0.038889
0 0.818750 0.503472 0.048438 0.037500
0 0.203516 0.602083 0.049219 0.040278
0 0.446484 0.636111 0.052344 0.038889
0 0.115625 0.654166 0.048437 0.036111
0 0.073047 0.604861 0.049219 0.037500
0 0.857812 0.636805 0.051562 0.043056
