0 0.864843 0.609722 0.046875 0.036111
0 0.503907 0.687500 0.045313 0.038889
0 0.359766 0.695833 0.044531 0.038889
0 0.565625 0.577778 0.043750 0.033333
0 0.859375 0.389583 0.051562 0.034722
0 0.616796 0.514584 0.049219 0.031944
0 0.908594 0.497223 0.048438 0.038889
0 0.746875 0.663194 0.050000 0.037500
0 0.435157 0.640278 0.045313 0.036111
0 0.127343 0.702083 0.048437 0.037500
0 0.018750 0.706250 0.037500 0.037500
0 0.540625 0.630556 0.050000 0.038889
0 0.221485 0.652778 0.050781 0.038889
0 0.302735 0.602083 0.049219 0.037500
0 0.166016 0.605556 0.047656 0.038889
0 0.055859 0.522223 0.049219 0.036111
0 0.821094 0.503472 0.046875 0.037500
0 0.753126 0.504861 0.046875 0.034722
0 0.885938 0.448611 0.048438 0.036111
