0 0.990625 0.599306 0.018750 0.037500
0 0.870313 0.499306 0.050000 0.037500
0 0.632812 0.628472 0.045313 0.034722
0 0.514844 0.636111 0.045312 0.038889
0 0.993750 0.547917 0.012500 0.037500
0 0.479297 0.688889 0.044531 0.038889
0 0.814063 0.390277 0.050000 0.036111
0 0.315625 0.652083 0.050000 0.034722
0 0.591406 0.522222 0.045312 0.044444
0 0.699609 0.574306 0.041406 0.029167
0 0.445703 0.625000 0.041406 0.044444
0 0.208594 0.701388 0.048437 0.036111
0 0.985156 0.492361 0.029687 0.037500
0 0.060156 0.656250 0.045312 0.037500
0 0.893750 0.657639 0.048438 0.034722
0 0.983985 0.436111 0.032031 0.033333
0 0.707812 0.506945 0.050000 0.041667
0 0.778515 0.503472 0.047656 0.034722
0 0.769141 0.450694 0.049219 0.037500
0 0.246484 0.604167 0.049219 0.038889
0 0.108203 0.708333 0.050781 0.038889
0 0.083594 0.604167 0.051562 0.041667
