0 0.494531 0.688195 0.043750 0.040278
0 0.325391 0.652778 0.049219 0.036111
0 0.912500 0.657639 0.048438 0.037500
0 0.975000 0.437500 0.046875 0.036111
0 0.810156 0.391667 0.051562 0.036111
0 0.646093 0.624305 0.048438 0.034722
0 0.717187 0.573611 0.045312 0.033333
0 0.774609 0.504861 0.046094 0.034722
0 0.589843 0.522917 0.045313 0.048611
0 0.216797 0.701388 0.049219 0.036111
0 0.703515 0.506945 0.046094 0.036111
0 0.982812 0.493055 0.034375 0.038889
0 0.257422 0.604167 0.047656 0.038889
0 0.754687 0.450694 0.050000 0.037500
0 0.094922 0.604861 0.052344 0.040278
0 0.070312 0.655555 0.048437 0.038889
0 0.457812 0.621528 0.043750 0.043056
0 0.118750 0.709723 0.050000 0.041667
