0 0.575781 0.578472 0.043750 0.034722
0 0.877344 0.609028 0.042188 0.037500
0 0.041406 0.522917 0.048438 0.037500
0 0.863282 0.559723 0.048437 0.036111
0 0.760938 0.663889 0.048438 0.033333
0 0.904687 0.497917 0.048438 0.040278
0 0.441406 0.638194 0.045312 0.037500
0 0.614062 0.514583 0.050000 0.034722
0 0.369532 0.647223 0.042187 0.033333
0 0.750000 0.506250 0.048437 0.037500
0 0.310157 0.600000 0.053125 0.038889
0 0.854688 0.391667 0.053125 0.036111
0 0.230468 0.652778 0.051562 0.036111
0 0.517188 0.684722 0.046875 0.041667
0 0.546875 0.629861 0.048437 0.037500
0 0.134766 0.701388 0.052344 0.036111
0 0.023047 0.708333 0.046094 0.038889
0 0.816407 0.503472 0.045313 0.037500
0 0.875000 0.450000 0.050000 0.036111
0 0.171875 0.603472 0.050000 0.040278
