0 0.937500 0.556250 0.046875 0.037500
0 0.350000 0.600694 0.051563 0.037500
0 0.272656 0.653472 0.048437 0.040278
0 0.835938 0.391667 0.051562 0.038889
0 0.827344 0.660417 0.050000 0.034722
0 0.727344 0.506945 0.046875 0.038889
0 0.023438 0.656250 0.045313 0.037500
0 0.589453 0.626389 0.047656 0.036111
0 0.171875 0.701388 0.050000 0.036111
0 0.941406 0.605556 0.043750 0.038889
0 0.065235 0.708333 0.049219 0.038889
0 0.598828 0.518056 0.044531 0.036111
0 0.796875 0.504861 0.046875 0.037500
0 0.044532 0.602778 0.053125 0.044444
0 0.821875 0.450000 0.048438 0.036111
0 0.209375 0.604167 0.048437 0.041667
