0 0.141406 0.521528 0.046875 0.034722
0 0.938281 0.495834 0.048438 0.038889
0 0.884375 0.390972 0.048438 0.037500
0 0.675000 0.667361 0.050000 0.037500
0 0.503125 0.584028 0.042187 0.031944
0 0.794922 0.614583 0.046094 0.037500
0 0.172656 0.652778 0.051562 0.038889
0 0.958594 0.626389 0.050000 0.044444
0 0.393749 0.640972 0.046875 0.037500
0 0.320312 0.647917 0.046875 0.034722
0 0.848437 0.503472 0.045312 0.040278
0 0.082812 0.703472 0.051563 0.040278
0 0.257031 0.602083 0.048437 0.040278
0 0.641015 0.510417 0.046094 0.034722
0 0.494531 0.633333 0.050000 0.038889
0 0.780078 0.503472 0.050781 0.037500
0 0.122656 0.604861 0.048438 0.037500
0 0.946875 0.447222 0.048438 0.038889
