0 0.367578 0.598611 0.046094 0.036111
0 0.878907 0.498611 0.048437 0.036111
0 0.425000 0.634722 0.043750 0.036111
0 0.825781 0.390277 0.051562 0.033333
0 0.189453 0.702778 0.047656 0.033333
0 0.972657 0.554167 0.045313 0.036111
0 0.858594 0.659722 0.046875 0.036111
0 0.969531 0.602777 0.045312 0.038889
0 0.595313 0.519444 0.046875 0.038889
0 0.787500 0.505556 0.046875 0.038889
0 0.292187 0.652778 0.046875 0.033333
0 0.228906 0.604167 0.048437 0.038889
0 0.717187 0.505556 0.046875 0.038889
0 0.796485 0.450694 0.049219 0.034722
0 0.084375 0.708333 0.050000 0.038889
0 0.041797 0.654166 0.046094 0.036111
0 0.062890 0.603472 0.053906 0.043056
