0 0.249609 0.702083 0.049219 0.037500
0 0.794531 0.390972 0.045312 0.037500
0 0.562500 0.629861 0.046875 0.037500
0 0.686328 0.621528 0.050781 0.040278
0 0.544531 0.684028 0.048438 0.037500
0 0.690235 0.506945 0.047656 0.033333
0 0.588282 0.525000 0.045312 0.047222
0 0.775000 0.571528 0.045312 0.031944
0 0.970313 0.653472 0.048438 0.040278
0 0.156250 0.708333 0.048438 0.038889
0 0.760157 0.505556 0.045312 0.036111
0 0.492579 0.611806 0.049219 0.043056
0 0.104296 0.654861 0.049219 0.037500
0 0.290235 0.604167 0.049219 0.038889
0 0.709375 0.450694 0.046875 0.034722
0 0.934374 0.437500 0.046875 0.036111
0 0.972656 0.493055 0.051562 0.041667
0 0.130469 0.604861 0.050000 0.043056
