0 0.866406 0.499306 0.048438 0.037500
0 0.977344 0.436111 0.043750 0.033333
0 0.323047 0.652778 0.047656 0.038889
0 0.523047 0.633333 0.047656 0.038889
0 0.809766 0.391667 0.050781 0.036111
0 0.643360 0.623611 0.047656 0.036111
0 0.713672 0.572917 0.042969 0.031944
0 0.216015 0.701388 0.049219 0.036111
0 0.908594 0.656945 0.050000 0.038889
0 0.774219 0.504166 0.048438 0.036111
0 0.255468 0.604861 0.046875 0.040278
0 0.589843 0.522917 0.045313 0.048611
0 0.704297 0.506945 0.046094 0.036111
0 0.983594 0.493055 0.032813 0.038889
0 0.092968 0.605555 0.051562 0.041667
0 0.757812 0.450000 0.046875 0.036111
0 0.116406 0.709723 0.050000 0.041667
0 0.454687 0.622916 0.043750 0.043056
0 0.068359 0.655555 0.049219 0.038889
