0 0.900000 0.389583 0.048438 0.037500
0 0.630078 0.672222 0.046094 0.033333
0 0.751563 0.616667 0.046875 0.033333
0 0.799219 0.503472 0.050000 0.037500
0 0.369140 0.643056 0.044531 0.036111
0 0.469531 0.634722 0.048438 0.036111
0 0.981641 0.445139 0.036719 0.034722
0 0.195312 0.519444 0.050000 0.038889
0 0.228515 0.602083 0.049219 0.040278
0 0.292969 0.647917 0.045312 0.034722
0 0.873437 0.502083 0.048438 0.040278
0 0.053516 0.700000 0.046094 0.033333
0 0.141406 0.653472 0.050000 0.037500
0 0.906250 0.631250 0.051562 0.045833
0 0.096485 0.604861 0.049219 0.037500
0 0.659766 0.507639 0.049219 0.037500
