0 0.109765 0.654166 0.049219 0.038889
0 0.582032 0.671528 0.048437 0.037500
0 0.442188 0.636111 0.051563 0.038889
0 0.028125 0.700694 0.051563 0.037500
0 0.196485 0.600695 0.050781 0.043056
0 0.257812 0.518056 0.048438 0.036111
0 0.846094 0.638889 0.054688 0.044444
0 0.823438 0.503472 0.050000 0.037500
0 0.683593 0.506250 0.048437 0.034722
0 0.260157 0.649305 0.045313 0.034722
0 0.068750 0.605556 0.048438 0.038889
0 0.341016 0.645833 0.044531 0.036111
0 0.701172 0.620834 0.044531 0.036111
0 0.917969 0.388888 0.050000 0.038889
0 0.906250 0.500695 0.048437 0.040278
