0 0.014453 0.602083 0.028906 0.040278
0 0.507421 0.686806 0.044531 0.037500
0 0.751563 0.663888 0.046875 0.038889
0 0.566406 0.578472 0.042188 0.034722
0 0.857812 0.392361 0.046875 0.037500
0 0.019922 0.707639 0.039844 0.040278
0 0.615625 0.513889 0.048438 0.033333
0 0.306250 0.601388 0.048437 0.038889
0 0.223046 0.653472 0.049219 0.040278
0 0.907813 0.497223 0.046875 0.038889
0 0.542188 0.628472 0.050000 0.040278
0 0.053125 0.522223 0.046875 0.036111
0 0.435937 0.640278 0.043750 0.033333
0 0.868750 0.608333 0.046875 0.036111
0 0.819531 0.503472 0.046875 0.037500
0 0.128516 0.701388 0.047656 0.036111
0 0.752344 0.506250 0.046875 0.037500
0 0.167187 0.605556 0.048437 0.038889
0 0.883594 0.449306 0.048438 0.037500
