0 0.010937 0.607639 0.021875 0.034722
0 0.733594 0.616667 0.051563 0.036111
0 0.284374 0.700000 0.046875 0.033333
0 0.658594 0.454167 0.045312 0.033333
0 0.679296 0.506250 0.044531 0.031944
0 0.140235 0.655555 0.046094 0.033333
0 0.606640 0.626389 0.046094 0.036111
0 0.536718 0.599306 0.048438 0.040278
0 0.841406 0.568056 0.043750 0.033333
0 0.744532 0.504861 0.045312 0.034722
0 0.322657 0.604167 0.048437 0.036111
0 0.582812 0.529167 0.043750 0.052778
0 0.169922 0.604861 0.052344 0.040278
0 0.194140 0.708333 0.050781 0.038889
0 0.886718 0.437500 0.046875 0.033333
0 0.953906 0.493055 0.048438 0.038889
0 0.021875 0.656945 0.043750 0.036111
