0 0.847656 0.393056 0.051562 0.038889
0 0.149610 0.700694 0.049219 0.034722
0 0.889844 0.559723 0.048438 0.036111
0 0.897656 0.496528 0.048438 0.037500
0 0.326562 0.600694 0.050000 0.037500
0 0.538281 0.684028 0.045312 0.037500
0 0.019922 0.523612 0.039844 0.036111
0 0.383204 0.643750 0.044531 0.034722
0 0.023828 0.602777 0.047656 0.041667
0 0.455078 0.638194 0.046094 0.037500
0 0.561719 0.627083 0.045312 0.040278
0 0.035547 0.707639 0.049219 0.037500
0 0.608985 0.515277 0.046094 0.036111
0 0.784766 0.661806 0.050781 0.037500
0 0.739062 0.506945 0.050000 0.038889
0 0.246484 0.652778 0.050781 0.038889
0 0.900000 0.605556 0.043750 0.038889
0 0.808593 0.504166 0.045313 0.038889
0 0.855468 0.450000 0.048437 0.036111
0 0.186328 0.603472 0.047656 0.040278
