0 0.011719 0.656945 0.023438 0.038889
0 0.689063 0.452084 0.045312 0.031944
0 0.569531 0.682639 0.046875 0.034722
0 0.707032 0.619444 0.048437 0.033333
0 0.264844 0.701389 0.048437 0.033333
0 0.685156 0.508333 0.051562 0.038889
0 0.582032 0.629166 0.045313 0.036111
0 0.585156 0.526389 0.046875 0.052778
0 0.511328 0.605555 0.046094 0.041667
0 0.753125 0.504166 0.043750 0.036111
0 0.304297 0.604167 0.046094 0.036111
0 0.804297 0.569445 0.046094 0.033333
0 0.147266 0.605556 0.053906 0.038889
0 0.913281 0.436805 0.046875 0.034722
0 0.964063 0.493055 0.048438 0.041667
0 0.173437 0.709028 0.050000 0.040278
0 0.119140 0.654861 0.049219 0.037500
