0 0.825000 0.563889 0.048438 0.036111
0 0.349609 0.647222 0.041406 0.030556
0 0.527343 0.629861 0.048437 0.037500
0 0.078906 0.522223 0.048437 0.036111
0 0.291016 0.601389 0.052344 0.041667
0 0.547656 0.579861 0.042187 0.034722
0 0.422656 0.640278 0.042187 0.033333
0 0.207813 0.652778 0.050000 0.036111
0 0.624219 0.512500 0.042187 0.036111
0 0.115234 0.701388 0.050781 0.036111
0 0.916407 0.497917 0.048438 0.037500
0 0.846094 0.609722 0.045312 0.036111
0 0.153907 0.604861 0.048437 0.037500
0 0.828125 0.503472 0.046875 0.037500
0 0.728907 0.665972 0.046875 0.040278
0 0.903906 0.449306 0.050000 0.037500
0 0.760157 0.506945 0.048438 0.038889
