0 0.852344 0.391667 0.048438 0.038889
0 0.522656 0.686111 0.048438 0.038889
0 0.903125 0.497917 0.048438 0.037500
0 0.314843 0.600000 0.051563 0.038889
0 0.551562 0.629166 0.046875 0.038889
0 0.373437 0.645833 0.043750 0.033333
0 0.444531 0.638888 0.048438 0.036111
0 0.018750 0.602777 0.037500 0.038889
0 0.139453 0.700694 0.050781 0.034722
0 0.767969 0.663195 0.046875 0.034722
0 0.613672 0.514583 0.047656 0.034722
0 0.234375 0.652778 0.048438 0.038889
0 0.870313 0.559723 0.048438 0.036111
0 0.814063 0.504861 0.043750 0.037500
0 0.884375 0.608333 0.043750 0.038889
0 0.026953 0.708333 0.047656 0.038889
0 0.178906 0.603472 0.048437 0.037500
0 0.033593 0.522223 0.046875 0.036111
0 0.746875 0.505556 0.048438 0.038889
0 0.869532 0.450000 0.048438 0.038889
