0 0.995313 0.545833 0.009375 0.036111
0 0.811328 0.392361 0.047656 0.034722
0 0.868750 0.499306 0.050000 0.037500
0 0.636718 0.627083 0.048437 0.034722
0 0.482812 0.688889 0.046875 0.038889
0 0.982031 0.436111 0.035937 0.033333
0 0.062109 0.656250 0.044531 0.037500
0 0.703125 0.573611 0.042188 0.030556
0 0.896875 0.659028 0.048438 0.034722
0 0.515625 0.634723 0.046875 0.038889
0 0.210938 0.701388 0.050000 0.036111
0 0.317578 0.652083 0.049219 0.034722
0 0.591406 0.521528 0.045312 0.045833
0 0.766406 0.450694 0.048438 0.037500
0 0.707032 0.505556 0.048437 0.038889
0 0.984765 0.492361 0.030469 0.037500
0 0.777734 0.504166 0.044531 0.036111
0 0.446875 0.625695 0.043750 0.045833
0 0.248438 0.604861 0.050000 0.040278
0 0.110546 0.708333 0.050781 0.038889
0 0.086328 0.604167 0.053906 0.041667
