0 0.728906 0.570139 0.051562 0.034722
0 0.176563 0.519444 0.046875 0.038889
0 0.379297 0.643750 0.047656 0.034722
0 0.646093 0.671528 0.048438 0.034722
0 0.953906 0.494445 0.048438 0.038889
0 0.653125 0.509028 0.050000 0.037500
0 0.478907 0.584028 0.045313 0.031944
0 0.065625 0.702083 0.051562 0.037500
0 0.864062 0.502777 0.043750 0.038889
0 0.239063 0.602777 0.051562 0.038889
0 0.153515 0.653472 0.049219 0.037500
0 0.925781 0.629861 0.050000 0.045833
0 0.304297 0.647917 0.046094 0.034722
0 0.478907 0.634028 0.048438 0.034722
0 0.106250 0.605556 0.046875 0.036111
0 0.896094 0.390972 0.050000 0.037500
0 0.792188 0.503472 0.050000 0.037500
0 0.766406 0.615972 0.045312 0.034722
0 0.972656 0.445139 0.050000 0.040278
