0 0.010547 0.654861 0.019531 0.037500
0 0.849218 0.392361 0.048438 0.037500
0 0.900782 0.497223 0.048438 0.041667
0 0.376563 0.644444 0.040625 0.033333
0 0.610547 0.515277 0.044531 0.036111
0 0.319140 0.600694 0.050781 0.040278
0 0.020313 0.602083 0.040625 0.040278
0 0.529687 0.684722 0.048438 0.041667
0 0.240235 0.652083 0.050781 0.040278
0 0.554688 0.627777 0.046875 0.038889
0 0.142187 0.700000 0.046875 0.033333
0 0.774609 0.663889 0.049219 0.033333
0 0.743750 0.507639 0.050000 0.037500
0 0.812500 0.503472 0.046875 0.037500
0 0.891406 0.607639 0.043750 0.037500
0 0.864062 0.450000 0.050000 0.036111
0 0.448437 0.639583 0.046875 0.034722
0 0.030079 0.706944 0.049219 0.038889
0 0.180469 0.605556 0.046875 0.038889
