0 0.372266 0.650694 0.039844 0.031944
0 0.010157 0.655555 0.020313 0.036111
0 0.261329 0.701388 0.049219 0.036111
0 0.565235 0.682639 0.047656 0.034722
0 0.585938 0.525694 0.046875 0.051389
0 0.686719 0.507639 0.050000 0.037500
0 0.578516 0.629166 0.047656 0.036111
0 0.796485 0.571528 0.044531 0.031944
0 0.692187 0.451389 0.046875 0.033333
0 0.702344 0.620139 0.048438 0.031944
0 0.506641 0.606944 0.044531 0.041667
0 0.301953 0.604861 0.047656 0.037500
0 0.116016 0.654166 0.047656 0.036111
0 0.753907 0.504166 0.045313 0.033333
0 0.142578 0.604861 0.052344 0.040278
0 0.966406 0.493055 0.050000 0.041667
0 0.168750 0.708333 0.050000 0.038889
0 0.918749 0.437500 0.046875 0.036111
