0 0.548438 0.684723 0.050000 0.036111
0 0.333203 0.600000 0.049219 0.038889
0 0.025781 0.602777 0.051562 0.038889
0 0.606250 0.515972 0.043750 0.034722
0 0.901563 0.559723 0.046875 0.036111
0 0.460938 0.637500 0.043750 0.038889
0 0.795312 0.661111 0.050000 0.036111
0 0.895312 0.497917 0.050000 0.040278
0 0.015625 0.656250 0.031250 0.037500
0 0.253516 0.652083 0.050781 0.034722
0 0.567968 0.627777 0.045312 0.038889
0 0.389844 0.641667 0.045312 0.036111
0 0.736719 0.506945 0.048438 0.038889
0 0.192188 0.605556 0.046875 0.038889
0 0.153906 0.700694 0.050000 0.034722
0 0.042969 0.707639 0.050000 0.040278
0 0.910157 0.604861 0.045313 0.037500
0 0.844531 0.391667 0.053125 0.038889
0 0.805469 0.504166 0.048438 0.036111
0 0.846875 0.450000 0.048438 0.036111
