0 0.923438 0.388888 0.051562 0.038889
0 0.433984 0.637500 0.047656 0.036111
0 0.569922 0.672917 0.047656 0.037500
0 0.102734 0.654861 0.050781 0.040278
0 0.022656 0.702778 0.045312 0.038889
0 0.190235 0.602083 0.050781 0.040278
0 0.334766 0.647223 0.046094 0.038889
0 0.271875 0.517361 0.050000 0.037500
0 0.254297 0.650000 0.047656 0.033333
0 0.689063 0.620834 0.043750 0.036111
0 0.829688 0.502777 0.050000 0.036111
0 0.831250 0.638889 0.053125 0.041667
0 0.689063 0.507639 0.046875 0.034722
0 0.914062 0.500000 0.046875 0.041667
0 0.060547 0.605556 0.047656 0.038889
0 0.977344 0.560417 0.042187 0.034722
