0 0.425000 0.636806 0.050000 0.034722
0 0.670312 0.622917 0.043750 0.034722
0 0.324609 0.646528 0.046094 0.037500
0 0.928906 0.500695 0.048438 0.040278
0 0.177735 0.601388 0.049219 0.036111
0 0.839844 0.504166 0.050000 0.038889
0 0.089844 0.654861 0.046875 0.037500
0 0.242188 0.647917 0.045312 0.031944
0 0.050000 0.605556 0.048438 0.036111
0 0.295703 0.516667 0.049219 0.038889
0 0.807813 0.641666 0.053125 0.044444
0 0.971875 0.656945 0.050000 0.041667
0 0.930469 0.388194 0.050000 0.037500
0 0.696875 0.506945 0.050000 0.036111
0 0.955469 0.562500 0.042188 0.036111
0 0.016797 0.701388 0.033594 0.036111
