0 0.594922 0.680555 0.046094 0.033333
0 0.454688 0.594445 0.046875 0.038889
0 0.667968 0.453472 0.045313 0.031944
0 0.681641 0.505556 0.046094 0.033333
0 0.724219 0.618055 0.053125 0.036111
0 0.278126 0.701389 0.046875 0.033333
0 0.189062 0.708333 0.050000 0.038889
0 0.829688 0.568056 0.042188 0.030556
0 0.529687 0.601389 0.045312 0.041667
0 0.584375 0.526389 0.046875 0.052778
0 0.601171 0.627083 0.044531 0.034722
0 0.317968 0.604167 0.046875 0.036111
0 0.163672 0.604861 0.052344 0.040278
0 0.747656 0.506250 0.045312 0.034722
0 0.133985 0.656250 0.049219 0.037500
0 0.895312 0.438195 0.046875 0.034722
0 0.957812 0.493055 0.050000 0.041667
0 0.018750 0.657639 0.037500 0.034722
