0 0.817969 0.641667 0.050000 0.038889
0 0.429688 0.637500 0.050000 0.036111
0 0.329688 0.646528 0.046875 0.037500
0 0.927344 0.388194 0.051562 0.037500
0 0.692187 0.506945 0.046875 0.038889
0 0.561719 0.672222 0.046875 0.038889
0 0.096093 0.655555 0.051562 0.038889
0 0.021485 0.701388 0.038281 0.036111
0 0.978125 0.658334 0.040625 0.038889
0 0.184375 0.602083 0.050000 0.040278
0 0.055859 0.606250 0.047656 0.037500
0 0.679688 0.623611 0.043750 0.038889
0 0.283593 0.517361 0.048437 0.037500
0 0.965625 0.561805 0.040625 0.034722
0 0.834375 0.504166 0.048438 0.038889
0 0.247657 0.649305 0.048437 0.034722
0 0.921875 0.499306 0.046875 0.037500
