0 0.686328 0.672917 0.047656 0.037500
0 0.339844 0.652778 0.045312 0.033333
0 0.937500 0.656250 0.046875 0.037500
0 0.516406 0.685416 0.048438 0.043056
0 0.540625 0.631944 0.046875 0.041667
0 0.803906 0.391667 0.046875 0.038889
0 0.742188 0.572223 0.046875 0.033333
0 0.663672 0.622917 0.050781 0.034722
0 0.696875 0.507639 0.050000 0.040278
0 0.231640 0.701388 0.049219 0.036111
0 0.978125 0.493055 0.042188 0.041667
0 0.135937 0.708333 0.050000 0.038889
0 0.271094 0.604861 0.050000 0.040278
0 0.767969 0.503472 0.045312 0.034722
0 0.958593 0.437500 0.048438 0.036111
0 0.735547 0.450000 0.049219 0.033333
0 0.589453 0.522222 0.046094 0.050000
0 0.084375 0.655555 0.050000 0.038889
0 0.471484 0.617361 0.044531 0.043056
0 0.109766 0.604167 0.052344 0.041667
