0 0.951562 0.494445 0.046875 0.038889
0 0.910937 0.561111 0.045312 0.038889
0 0.485156 0.584028 0.042187 0.031944
0 0.382812 0.642361 0.043750 0.034722
0 0.168359 0.519444 0.047656 0.038889
0 0.242969 0.602083 0.050000 0.040278
0 0.158203 0.652778 0.050781 0.036111
0 0.650782 0.509722 0.048438 0.036111
0 0.653906 0.669444 0.045312 0.033333
0 0.789844 0.505556 0.048438 0.038889
0 0.068360 0.704861 0.050781 0.040278
0 0.482812 0.634028 0.048438 0.037500
0 0.931250 0.629166 0.053125 0.041667
0 0.967187 0.445833 0.046875 0.036111
0 0.893750 0.390277 0.050000 0.036111
0 0.306250 0.647917 0.043750 0.034722
0 0.861719 0.501389 0.046875 0.036111
0 0.772266 0.617361 0.046094 0.034722
0 0.110156 0.604861 0.048437 0.037500
