0 0.898438 0.496528 0.048437 0.037500
0 0.849219 0.392361 0.051562 0.037500
0 0.885938 0.559723 0.050000 0.036111
0 0.453125 0.639583 0.043750 0.037500
0 0.021485 0.523612 0.042969 0.036111
0 0.323828 0.600000 0.050781 0.038889
0 0.535157 0.686111 0.045313 0.038889
0 0.781250 0.661112 0.046875 0.038889
0 0.559375 0.628472 0.050000 0.037500
0 0.381250 0.644444 0.043750 0.033333
0 0.147265 0.701388 0.052344 0.036111
0 0.609375 0.515277 0.046875 0.036111
0 0.034375 0.708333 0.050000 0.038889
0 0.244532 0.652083 0.051563 0.037500
0 0.809374 0.504166 0.046875 0.036111
0 0.022266 0.603472 0.044531 0.040278
0 0.741016 0.505556 0.047656 0.038889
0 0.896875 0.606944 0.043750 0.038889
0 0.858594 0.450000 0.048438 0.036111
0 0.183984 0.603472 0.049219 0.040278
