0 0.498437 0.688195 0.046875 0.040278
0 0.359375 0.645833 0.043750 0.030556
0 0.559766 0.578472 0.041406 0.031944
0 0.839063 0.563194 0.048438 0.037500
0 0.740234 0.663194 0.046094 0.037500
0 0.428906 0.640278 0.043750 0.036111
0 0.619532 0.513889 0.046875 0.033333
0 0.534766 0.629861 0.049219 0.037500
0 0.858594 0.610417 0.048438 0.037500
0 0.121875 0.702778 0.048437 0.038889
0 0.298046 0.601388 0.050781 0.038889
0 0.216797 0.652778 0.050781 0.038889
0 0.911718 0.495139 0.048438 0.040278
0 0.016407 0.705556 0.032813 0.036111
0 0.891406 0.448611 0.043750 0.036111
0 0.823047 0.504166 0.046094 0.038889
0 0.757421 0.504861 0.049219 0.040278
0 0.160156 0.604861 0.048438 0.040278
