0 0.414062 0.637500 0.046875 0.033333
0 0.596876 0.627777 0.046875 0.036111
0 0.356250 0.600000 0.050000 0.036111
0 0.884375 0.499306 0.050000 0.037500
0 0.482422 0.636111 0.049219 0.038889
0 0.948438 0.555555 0.045312 0.038889
0 0.833594 0.390972 0.051562 0.037500
0 0.837500 0.660417 0.048438 0.034722
0 0.723047 0.507639 0.050781 0.040278
0 0.278906 0.653472 0.050000 0.034722
0 0.177734 0.701388 0.047656 0.036111
0 0.793749 0.504166 0.046875 0.036111
0 0.949218 0.603472 0.045313 0.037500
0 0.216797 0.604861 0.047656 0.040278
0 0.597656 0.517361 0.043750 0.037500
0 0.814844 0.450000 0.048438 0.038889
0 0.050781 0.604167 0.050000 0.041667
0 0.030078 0.655555 0.047656 0.038889
0 0.071094 0.709723 0.050000 0.041667
