0 0.450782 0.636111 0.048437 0.038889
0 0.994140 0.556944 0.011719 0.036111
0 0.440625 0.590972 0.043750 0.031944
0 0.814844 0.502777 0.048438 0.036111
0 0.716406 0.620834 0.045312 0.038889
0 0.596875 0.672222 0.045312 0.033333
0 0.120703 0.654861 0.052344 0.037500
0 0.350781 0.644444 0.048438 0.036111
0 0.675000 0.507639 0.050000 0.034722
0 0.238281 0.518056 0.050000 0.038889
0 0.035937 0.700000 0.050000 0.036111
0 0.270703 0.648612 0.046094 0.036111
0 0.078516 0.604861 0.047656 0.037500
0 0.207813 0.602083 0.050000 0.040278
0 0.895312 0.502083 0.048438 0.040278
0 0.864844 0.634028 0.051562 0.043056
