0 0.917188 0.559028 0.048438 0.037500
0 0.162890 0.701389 0.049219 0.033333
0 0.560937 0.682639 0.046875 0.034722
0 0.577344 0.627777 0.048438 0.038889
0 0.340625 0.600695 0.050000 0.034722
0 0.891406 0.497917 0.050000 0.037500
0 0.261329 0.652778 0.049219 0.038889
0 0.809375 0.661111 0.050000 0.036111
0 0.602344 0.515972 0.048438 0.037500
0 0.840625 0.390277 0.051563 0.036111
0 0.801562 0.505556 0.045312 0.038889
0 0.053125 0.706945 0.048438 0.041667
0 0.396484 0.640278 0.046094 0.036111
0 0.732031 0.505556 0.050000 0.038889
0 0.199219 0.604167 0.050000 0.038889
0 0.923438 0.604861 0.043750 0.037500
0 0.835156 0.450694 0.048438 0.037500
0 0.018750 0.656945 0.037500 0.036111
0 0.033984 0.602083 0.052344 0.043056
