0 0.437890 0.590278 0.042969 0.036111
0 0.914062 0.388888 0.050000 0.036111
0 0.592969 0.672222 0.045312 0.033333
0 0.678125 0.506250 0.048438 0.034722
0 0.448437 0.635417 0.053125 0.037500
0 0.348437 0.645139 0.050000 0.037500
0 0.816407 0.503472 0.048437 0.037500
0 0.242578 0.518056 0.049219 0.041667
0 0.117188 0.654166 0.050000 0.036111
0 0.034375 0.701388 0.050000 0.036111
0 0.077343 0.605556 0.048438 0.038889
0 0.897656 0.501389 0.048438 0.038889
0 0.713282 0.620834 0.045312 0.036111
0 0.268750 0.648612 0.045312 0.036111
0 0.205469 0.601389 0.050000 0.041667
0 0.860938 0.635417 0.051562 0.043056
