0 0.449219 0.593750 0.045312 0.037500
0 0.716406 0.618750 0.048438 0.034722
0 0.273047 0.701388 0.047656 0.036111
0 0.818360 0.568056 0.042969 0.030556
0 0.683593 0.506250 0.048437 0.034722
0 0.676953 0.452084 0.046094 0.031944
0 0.903125 0.436805 0.045312 0.034722
0 0.750391 0.504861 0.046094 0.034722
0 0.520703 0.602083 0.044531 0.043056
0 0.592187 0.629166 0.045312 0.036111
0 0.182422 0.708333 0.049219 0.038889
0 0.584375 0.527778 0.045312 0.052778
0 0.310938 0.604167 0.050000 0.036111
0 0.128516 0.655555 0.046094 0.036111
0 0.016015 0.657639 0.032031 0.034722
0 0.960156 0.492361 0.050000 0.040278
0 0.157812 0.604861 0.050000 0.040278
