0 0.967969 0.495139 0.048438 0.037500
0 0.625000 0.670833 0.053125 0.036111
0 0.879687 0.559723 0.043750 0.036111
0 0.899219 0.633333 0.050000 0.044444
0 0.203516 0.519444 0.047656 0.033333
0 0.465625 0.634722 0.050000 0.036111
0 0.139062 0.653472 0.050000 0.040278
0 0.223047 0.602083 0.052344 0.040278
0 0.801562 0.505556 0.048438 0.038889
0 0.366406 0.643750 0.045312 0.034722
0 0.877344 0.501389 0.045312 0.038889
0 0.052735 0.701388 0.050781 0.036111
0 0.288672 0.648611 0.046094 0.033333
0 0.902344 0.389583 0.051562 0.034722
0 0.744532 0.617361 0.045312 0.034722
0 0.094140 0.605556 0.049219 0.038889
0 0.983985 0.444445 0.032031 0.033333
0 0.662500 0.506945 0.046875 0.033333
