0 0.008984 0.606944 0.017969 0.036111
0 0.456641 0.594445 0.046094 0.038889
0 0.664844 0.452777 0.045312 0.033333
0 0.680469 0.505556 0.045312 0.033333
0 0.279297 0.701389 0.047656 0.030556
0 0.135937 0.656945 0.046875 0.036111
0 0.727344 0.618055 0.048438 0.036111
0 0.601562 0.627777 0.043750 0.036111
0 0.190625 0.707639 0.051562 0.040278
0 0.531640 0.601389 0.044531 0.041667
0 0.584375 0.527084 0.046875 0.054167
0 0.166407 0.605555 0.051563 0.041667
0 0.319531 0.603472 0.048438 0.037500
0 0.833594 0.568750 0.040625 0.031944
0 0.746484 0.505556 0.044531 0.036111
0 0.956250 0.493055 0.050000 0.041667
0 0.892188 0.437500 0.046875 0.036111
0 0.019922 0.657639 0.039844 0.037500
