0 0.489843 0.635417 0.045312 0.037500
0 0.660938 0.576389 0.037500 0.030556
0 0.604297 0.627777 0.044531 0.033333
0 0.419532 0.636111 0.042187 0.033333
0 0.880468 0.498611 0.048438 0.038889
0 0.364843 0.600000 0.051563 0.033333
0 0.827344 0.390972 0.051563 0.034722
0 0.289454 0.652778 0.049219 0.038889
0 0.852344 0.661112 0.046875 0.038889
0 0.036719 0.656250 0.043750 0.037500
0 0.185938 0.701388 0.050000 0.036111
0 0.791016 0.504166 0.046094 0.036111
0 0.719922 0.505556 0.049219 0.038889
0 0.803125 0.450694 0.050000 0.037500
0 0.596094 0.518056 0.043750 0.036111
0 0.965624 0.554167 0.046875 0.036111
0 0.222656 0.603472 0.048438 0.040278
0 0.963281 0.603472 0.043750 0.037500
0 0.080469 0.708333 0.048438 0.041667
0 0.059375 0.603472 0.051563 0.043056
