0 0.926562 0.502083 0.046875 0.040278
0 0.426171 0.636806 0.049219 0.034722
0 0.975000 0.656945 0.048438 0.041667
0 0.555859 0.675694 0.047656 0.037500
0 0.327344 0.645833 0.046875 0.036111
0 0.838281 0.503472 0.050000 0.037500
0 0.180860 0.601389 0.049219 0.041667
0 0.810547 0.640278 0.055469 0.041667
0 0.243750 0.648611 0.046875 0.033333
0 0.694922 0.506945 0.047656 0.038889
0 0.091015 0.654861 0.049219 0.037500
0 0.053125 0.604861 0.046875 0.034722
0 0.293750 0.517361 0.050000 0.040278
0 0.673438 0.622223 0.045312 0.033333
0 0.959375 0.562500 0.040625 0.036111
0 0.928906 0.387500 0.050000 0.036111
0 0.018360 0.701388 0.036719 0.036111
