0 0.014453 0.656250 0.028906 0.040278
0 0.151953 0.701388 0.050781 0.036111
0 0.847656 0.391667 0.051562 0.038889
0 0.893751 0.560417 0.046875 0.034722
0 0.248438 0.652778 0.050000 0.038889
0 0.608594 0.515277 0.045312 0.036111
0 0.789062 0.662500 0.048437 0.036111
0 0.328125 0.601388 0.048438 0.036111
0 0.456249 0.638888 0.046875 0.038889
0 0.541797 0.683334 0.046094 0.038889
0 0.563281 0.627777 0.045312 0.038889
0 0.039844 0.708333 0.050000 0.038889
0 0.896875 0.498611 0.051562 0.038889
0 0.024219 0.603472 0.048438 0.043056
0 0.738282 0.506945 0.048437 0.038889
0 0.385157 0.643750 0.042187 0.034722
0 0.903906 0.606944 0.043750 0.038889
0 0.853125 0.450694 0.048438 0.037500
0 0.807813 0.502777 0.046875 0.036111
0 0.189453 0.604861 0.047656 0.040278
