0 0.605078 0.671528 0.044531 0.034722
0 0.875000 0.634028 0.048437 0.040278
0 0.354688 0.645139 0.043750 0.037500
0 0.227343 0.518056 0.046875 0.038889
0 0.453906 0.636112 0.051563 0.036111
0 0.126953 0.654166 0.049219 0.038889
0 0.446875 0.588889 0.043750 0.033333
0 0.887500 0.501389 0.045312 0.041667
0 0.726562 0.618055 0.043750 0.036111
0 0.669922 0.506945 0.049219 0.036111
0 0.277344 0.648611 0.045312 0.033333
0 0.212500 0.602777 0.051563 0.038889
0 0.083203 0.605556 0.049219 0.038889
0 0.910156 0.390277 0.051562 0.036111
0 0.810547 0.503472 0.049219 0.037500
0 0.041016 0.700000 0.049219 0.036111
