0 0.328125 0.695833 0.043750 0.036111
0 0.101562 0.702778 0.050000 0.038889
0 0.873437 0.390277 0.050000 0.038889
0 0.336719 0.647223 0.042187 0.033333
0 0.924219 0.496528 0.048438 0.040278
0 0.276562 0.602083 0.053125 0.040278
0 0.528515 0.580556 0.046094 0.033333
0 0.105859 0.520833 0.046094 0.036111
0 0.703906 0.668750 0.045312 0.031944
0 0.141015 0.604861 0.049219 0.040278
0 0.630859 0.512500 0.046094 0.036111
0 0.822657 0.613194 0.045312 0.034722
0 0.191016 0.652778 0.049219 0.038889
0 0.768750 0.505556 0.048438 0.038889
0 0.835938 0.504166 0.045313 0.038889
0 0.922656 0.447222 0.048438 0.038889
