0 0.889062 0.390277 0.046875 0.033333
0 0.490625 0.633333 0.046875 0.036111
0 0.794531 0.447223 0.048438 0.036111
0 0.153907 0.520833 0.048437 0.036111
0 0.494532 0.583333 0.045313 0.033333
0 0.943750 0.495833 0.046875 0.041667
0 0.948438 0.627778 0.051563 0.044444
0 0.076953 0.702778 0.050781 0.038889
0 0.784766 0.615972 0.046094 0.034722
0 0.665625 0.668056 0.046875 0.036111
0 0.251171 0.600694 0.050781 0.040278
0 0.389844 0.642361 0.045312 0.034722
0 0.854688 0.502083 0.046875 0.037500
0 0.117578 0.606250 0.046094 0.037500
0 0.165625 0.652778 0.050000 0.036111
0 0.316797 0.647223 0.047656 0.033333
0 0.644922 0.509723 0.049219 0.038889
0 0.956251 0.447223 0.046875 0.036111
0 0.784766 0.506250 0.047656 0.040278
