0 0.348828 0.645833 0.042969 0.030556
0 0.523438 0.631945 0.046875 0.036111
0 0.112500 0.702778 0.050000 0.038889
0 0.821094 0.564583 0.048438 0.034722
0 0.725781 0.666667 0.045312 0.038889
0 0.544922 0.579861 0.044531 0.034722
0 0.994922 0.619444 0.010156 0.041667
0 0.288672 0.600694 0.053906 0.040278
0 0.204297 0.652083 0.049219 0.037500
0 0.842187 0.611112 0.046875 0.038889
0 0.625000 0.511806 0.046875 0.034722
0 0.917188 0.497223 0.048438 0.038889
0 0.082422 0.522917 0.049219 0.034722
0 0.152734 0.604861 0.049219 0.037500
0 0.829688 0.503472 0.046875 0.037500
0 0.761328 0.506945 0.049219 0.038889
0 0.907031 0.449306 0.046875 0.037500
