0 0.502344 0.635417 0.045313 0.037500
0 0.990625 0.436111 0.018750 0.038889
0 0.678125 0.577778 0.043750 0.033333
0 0.593360 0.520833 0.042969 0.038889
0 0.989062 0.492361 0.021875 0.040278
0 0.302343 0.653472 0.046875 0.034722
0 0.048438 0.656250 0.045312 0.037500
0 0.983594 0.552083 0.032813 0.031944
0 0.714843 0.506250 0.048437 0.037500
0 0.432032 0.631945 0.045313 0.038889
0 0.196875 0.701388 0.050000 0.036111
0 0.821093 0.392361 0.053125 0.040278
0 0.979688 0.599306 0.039062 0.034722
0 0.872656 0.660417 0.048438 0.034722
0 0.783985 0.504861 0.046094 0.037500
0 0.071094 0.604167 0.053125 0.041667
0 0.234766 0.603472 0.047656 0.040278
0 0.785156 0.449306 0.050000 0.034722
0 0.093750 0.709723 0.050000 0.041667
