0 0.729297 0.668750 0.047656 0.040278
0 0.364453 0.652084 0.042969 0.031944
0 0.792578 0.390972 0.047656 0.037500
0 0.567187 0.630556 0.046875 0.038889
0 0.690626 0.618750 0.046875 0.037500
0 0.781640 0.571528 0.044531 0.031944
0 0.977344 0.653472 0.045312 0.040278
0 0.689453 0.506250 0.047656 0.034722
0 0.587500 0.525694 0.045312 0.048611
0 0.252734 0.700000 0.047656 0.033333
0 0.159766 0.707639 0.049219 0.040278
0 0.496484 0.610417 0.047656 0.045833
0 0.758594 0.505556 0.045312 0.036111
0 0.292188 0.605556 0.045312 0.038889
0 0.703516 0.451388 0.047656 0.036111
0 0.928125 0.436805 0.048438 0.034722
0 0.971094 0.493055 0.051562 0.041667
0 0.106640 0.655555 0.050781 0.038889
0 0.134375 0.604167 0.051562 0.041667
