0 0.791797 0.572223 0.044531 0.033333
0 0.560547 0.684028 0.046094 0.037500
0 0.687500 0.506945 0.050000 0.036111
0 0.585938 0.525694 0.046875 0.051389
0 0.009375 0.656945 0.018750 0.036111
0 0.371093 0.652084 0.040625 0.031944
0 0.114453 0.656250 0.046094 0.037500
0 0.574609 0.628472 0.046094 0.037500
0 0.694922 0.451389 0.046094 0.033333
0 0.697656 0.620834 0.051562 0.036111
0 0.983594 0.653472 0.032813 0.034722
0 0.504687 0.606250 0.045312 0.043056
0 0.259375 0.701388 0.050000 0.036111
0 0.166797 0.707639 0.050781 0.040278
0 0.755078 0.504166 0.046094 0.036111
0 0.139844 0.605556 0.051562 0.038889
0 0.967969 0.493055 0.051563 0.041667
0 0.297656 0.604167 0.048438 0.038889
0 0.921094 0.437500 0.046875 0.036111
