0 0.570312 0.577778 0.040625 0.033333
0 0.853906 0.560417 0.051562 0.037500
0 0.510157 0.687500 0.046875 0.036111
0 0.226563 0.652778 0.050000 0.038889
0 0.753516 0.663888 0.047656 0.038889
0 0.307813 0.601388 0.050000 0.038889
0 0.614844 0.513889 0.050000 0.033333
0 0.048047 0.522223 0.046094 0.036111
0 0.752344 0.505556 0.048438 0.036111
0 0.437500 0.639583 0.043750 0.034722
0 0.906250 0.497223 0.046875 0.038889
0 0.871093 0.609028 0.045313 0.037500
0 0.857031 0.391667 0.048438 0.038889
0 0.542968 0.630556 0.048437 0.038889
0 0.129688 0.700694 0.046875 0.034722
0 0.168359 0.605556 0.047656 0.038889
0 0.818359 0.501389 0.046094 0.036111
0 0.021094 0.706944 0.042188 0.036111
0 0.881250 0.450000 0.048438 0.038889
