0 0.615625 0.672222 0.050000 0.033333
0 0.216797 0.518750 0.049219 0.037500
0 0.986719 0.444445 0.026563 0.038889
0 0.868750 0.560417 0.043750 0.034722
0 0.454687 0.588889 0.043750 0.033333
0 0.460547 0.635417 0.050781 0.037500
0 0.217969 0.602083 0.051562 0.040278
0 0.360547 0.645833 0.047656 0.036111
0 0.132031 0.653472 0.048437 0.037500
0 0.734766 0.618055 0.047656 0.036111
0 0.089453 0.604861 0.049219 0.037500
0 0.282031 0.647917 0.043750 0.034722
0 0.807422 0.503472 0.049219 0.037500
0 0.666797 0.506945 0.047656 0.033333
0 0.045703 0.701388 0.049219 0.036111
0 0.887500 0.634028 0.050000 0.043056
0 0.904687 0.390277 0.051562 0.036111
0 0.882812 0.502083 0.048437 0.040278
