0 0.174444 0.162055 0.082222 0.063241
0 0.150000 0.332016 0.100000 0.063241
0 0.155556 0.501976 0.102222 0.071146
0 0.244444 0.590909 0.088889 0.067194
0 0.148889 0.671937 0.097778 0.071146
0 0.247778 0.673913 0.091111 0.075099
0 0.486667 0.252964 0.080000 0.071146
0 0.482222 0.332016 0.084444 0.063241
0 0.592222 0.326087 0.086667 0.075099
0 0.481111 0.418972 0.100000 0.071146
0 0.584444 0.418972 0.084444 0.063241
0 0.587778 0.505929 0.086667 0.071146
0 0.478889 0.602767 0.091111 0.067194
0 0.590000 0.687747 0.086667 0.071146
0 0.481111 0.774704 0.091111 0.079051
0 0.591111 0.782609 0.093333 0.086957
0 0.493333 0.899209 0.088889 0.075099
0 0.797778 0.498024 0.097778 0.071146
0 0.797778 0.675889 0.093333 0.063241
0 0.804444 0.770751 0.084444 0.071146
0 0.797778 0.863636 0.088889 0.075099
0 0.892222 0.069170 0.091111 0.075099
0 0.890000 0.415020 0.091111 0.079051
0 0.902222 0.592885 0.093333 0.071146
