0 0.129112 0.103801 0.106908 0.084795
0 0.132401 0.223684 0.100329 0.084795
0 0.129934 0.321637 0.115132 0.081871
0 0.130757 0.426901 0.113487 0.076023
0 0.125000 0.527778 0.105263 0.073099
0 0.131579 0.774854 0.095395 0.076023
0 0.130757 0.878655 0.106908 0.096491
0 0.444901 0.112573 0.116776 0.090643
0 0.430099 0.228070 0.110197 0.093567
0 0.438322 0.342105 0.116776 0.087719
0 0.439145 0.447368 0.101974 0.081871
0 0.418586 0.552632 0.106908 0.081871
0 0.423520 0.662281 0.100329 0.078947
0 0.439145 0.774854 0.101974 0.081871
0 0.430921 0.906433 0.085526 0.081871
0 0.581414 0.102339 0.100329 0.081871
0 0.580592 0.209064 0.101974 0.073099
0 0.578125 0.324561 0.113487 0.081871
0 0.574013 0.429825 0.098684 0.070175
0 0.562500 0.554094 0.111842 0.078947
0 0.557566 0.663743 0.101974 0.087719
0 0.562500 0.793860 0.098684 0.084795
0 0.586349 0.900585 0.090461 0.070175
0 0.887336 0.109649 0.097039 0.078947
0 0.905428 0.225146 0.133224 0.087719
0 0.888980 0.340643 0.116776 0.078947
0 0.873355 0.570175 0.108553 0.081871
0 0.873355 0.684211 0.115132 0.081871
0 0.861020 0.789474 0.110197 0.087719
0 0.878289 0.904971 0.105263 0.078947
