0 0.124413 0.260417 0.056338 0.220833
0 0.186620 0.270833 0.056338 0.220833
0 0.247653 0.262500 0.056338 0.220833
0 0.309859 0.266667 0.056338 0.220833
0 0.447183 0.262500 0.056338 0.220833
0 0.517606 0.268750 0.056338 0.220833
0 0.590376 0.287500 0.056338 0.220833
0 0.653756 0.279167 0.056338 0.220833
0 0.718310 0.270833 0.056338 0.220833
0 0.786385 0.254167 0.056338 0.220833
0 0.850939 0.252083 0.056338 0.220833
0 0.921362 0.247917 0.056338 0.220833
0 0.937793 0.800000 0.056338 0.220833
0 0.867371 0.779167 0.056338 0.220833
0 0.793427 0.777083 0.056338 0.220833
0 0.724178 0.787500 0.056338 0.220833
0 0.656103 0.797917 0.056338 0.220833
0 0.591549 0.795833 0.056338 0.220833
0 0.522300 0.806250 0.056338 0.220833
0 0.460094 0.810417 0.056338 0.220833
0 0.394366 0.793750 0.056338 0.220833
0 0.318075 0.816667 0.056338 0.220833
0 0.254695 0.800000 0.056338 0.220833
0 0.188967 0.791667 0.056338 0.220833
0 0.118545 0.814583 0.056338 0.220833
0 0.116197 0.810417 0.056338 0.220833
0 0.392606 0.435417 0.111502 0.166667
0 0.119718 0.065625 0.058685 0.127083
0 0.189554 0.073958 0.057512 0.143750
0 0.316315 0.073958 0.057512 0.143750
0 0.384390 0.073958 0.057512 0.143750
0 0.448944 0.057292 0.055164 0.110417
0 0.575117 0.062500 0.056338 0.120833
0 0.646127 0.076042 0.055164 0.147917
0 0.711268 0.062500 0.051643 0.120833
0 0.779930 0.065625 0.057512 0.127083
0 0.849178 0.065625 0.057512 0.127083
0 0.911972 0.059375 0.058685 0.114583
