0 0.115816 0.625184 0.045918 0.166421
0 0.167857 0.628130 0.052041 0.172312
0 0.222449 0.304860 0.048980 0.167894
0 0.329592 0.131075 0.042857 0.176730
0 0.436224 0.136230 0.039796 0.154639
0 0.538265 0.307069 0.037755 0.145803
0 0.436224 0.630339 0.039796 0.150221
0 0.591327 0.145803 0.039796 0.156112
0 0.589796 0.639912 0.040816 0.151694
0 0.692347 0.306333 0.045918 0.164948
0 0.645918 0.645066 0.042857 0.138439
0 0.747959 0.296024 0.044898 0.156112
0 0.690816 0.819588 0.046939 0.154639
0 0.745408 0.820324 0.043878 0.156112
0 0.854592 0.287187 0.047959 0.159057
0 0.911224 0.639175 0.051020 0.167894
0 0.859694 0.798969 0.054082 0.175258
0 0.910714 0.822533 0.043878 0.157585
