0 0.078571 0.122917 0.034066 0.129167
0 0.114835 0.118750 0.034066 0.129167
0 0.152198 0.120833 0.034066 0.129167
0 0.190659 0.122917 0.034066 0.129167
0 0.226923 0.125000 0.034066 0.129167
0 0.262088 0.120833 0.034066 0.129167
0 0.293956 0.122917 0.034066 0.129167
0 0.331319 0.116667 0.034066 0.129167
0 0.368681 0.104167 0.034066 0.129167
0 0.404945 0.110417 0.034066 0.129167
0 0.077473 0.293750 0.034066 0.129167
0 0.114835 0.308333 0.031868 0.116667
0 0.152198 0.306250 0.034066 0.129167
0 0.188462 0.300000 0.034066 0.129167
0 0.222527 0.297917 0.034066 0.129167
0 0.259890 0.300000 0.034066 0.129167
0 0.292857 0.304167 0.034066 0.129167
0 0.334615 0.304167 0.034066 0.129167
0 0.368681 0.295833 0.034066 0.129167
0 0.409341 0.287500 0.034066 0.129167
0 0.592857 0.102083 0.034066 0.129167
0 0.628022 0.108333 0.034066 0.129167
0 0.667582 0.108333 0.034066 0.129167
0 0.706044 0.110417 0.031868 0.112500
0 0.740110 0.116667 0.034066 0.129167
0 0.775275 0.118750 0.031868 0.116667
0 0.815934 0.106250 0.034066 0.129167
0 0.852198 0.102083 0.029670 0.108333
0 0.892857 0.108333 0.034066 0.129167
0 0.925824 0.112500 0.034066 0.129167
0 0.926923 0.308333 0.034066 0.129167
0 0.888462 0.291667 0.034066 0.129167
0 0.848901 0.295833 0.034066 0.129167
0 0.809341 0.312500 0.034066 0.129167
0 0.774176 0.302083 0.034066 0.129167
0 0.739011 0.289583 0.034066 0.129167
0 0.704945 0.287500 0.034066 0.129167
0 0.668681 0.289583 0.034066 0.129167
0 0.631319 0.289583 0.034066 0.129167
0 0.595055 0.302083 0.034066 0.129167
0 0.595055 0.608333 0.034066 0.129167
0 0.632418 0.608333 0.034066 0.129167
0 0.667582 0.610417 0.034066 0.129167
0 0.708242 0.614583 0.034066 0.129167
0 0.744505 0.614583 0.034066 0.129167
0 0.814835 0.614583 0.034066 0.129167
0 0.777473 0.610417 0.034066 0.129167
0 0.848901 0.620833 0.034066 0.129167
0 0.886264 0.614583 0.034066 0.129167
0 0.923626 0.606250 0.034066 0.129167
0 0.929121 0.791667 0.034066 0.129167
0 0.888462 0.795833 0.034066 0.129167
0 0.853297 0.802083 0.034066 0.129167
0 0.815934 0.800000 0.034066 0.129167
0 0.776374 0.791667 0.034066 0.129167
0 0.741209 0.800000 0.034066 0.129167
0 0.703846 0.800000 0.034066 0.129167
0 0.667582 0.814583 0.034066 0.129167
0 0.626923 0.804167 0.034066 0.129167
0 0.595055 0.814583 0.034066 0.129167
0 0.412637 0.795833 0.034066 0.129167
0 0.370879 0.814583 0.034066 0.129167
0 0.332418 0.808333 0.034066 0.129167
0 0.297253 0.812500 0.034066 0.129167
0 0.259890 0.814583 0.034066 0.129167
0 0.223626 0.814583 0.034066 0.129167
0 0.187363 0.818750 0.034066 0.129167
0 0.150000 0.812500 0.034066 0.129167
0 0.412637 0.627083 0.034066 0.129167
0 0.374176 0.622917 0.034066 0.129167
0 0.336813 0.618750 0.034066 0.129167
0 0.296154 0.620833 0.034066 0.129167
0 0.257692 0.622917 0.034066 0.129167
0 0.221429 0.618750 0.034066 0.129167
0 0.187363 0.622917 0.034066 0.129167
0 0.152198 0.620833 0.034066 0.129167
0 0.113736 0.614583 0.034066 0.129167
0 0.081868 0.620833 0.034066 0.129167
0 0.081868 0.802083 0.034066 0.129167
