0 0.132000 0.318333 0.072000 0.156667
0 0.194000 0.300000 0.072000 0.160000
0 0.256000 0.263333 0.068000 0.140000
0 0.330000 0.298333 0.068000 0.136667
0 0.394000 0.296667 0.060000 0.140000
0 0.463000 0.296667 0.066000 0.133333
0 0.530000 0.295000 0.076000 0.163333
0 0.660000 0.303333 0.068000 0.160000
0 0.928000 0.311667 0.076000 0.130000
0 0.207000 0.121667 0.070000 0.156667
0 0.267000 0.115000 0.078000 0.163333
0 0.341000 0.138333 0.074000 0.156667
0 0.403000 0.123333 0.070000 0.153333
0 0.478000 0.145000 0.064000 0.143333
0 0.537000 0.121667 0.074000 0.156667
0 0.601000 0.123333 0.078000 0.160000
0 0.667000 0.136667 0.066000 0.140000
0 0.737000 0.121667 0.066000 0.123333
0 0.810000 0.150000 0.064000 0.126667
0 0.868000 0.135000 0.060000 0.130000
0 0.941000 0.143333 0.082000 0.140000
0 0.187000 0.711667 0.062000 0.116667
0 0.264000 0.700000 0.072000 0.146667
0 0.326000 0.710000 0.060000 0.120000
0 0.391000 0.725000 0.070000 0.150000
0 0.459000 0.715000 0.070000 0.156667
0 0.529000 0.725000 0.062000 0.136667
0 0.594000 0.723333 0.068000 0.160000
0 0.656000 0.728333 0.072000 0.150000
0 0.784000 0.736667 0.072000 0.153333
0 0.921000 0.740000 0.078000 0.153333
0 0.205000 0.861667 0.070000 0.136667
0 0.268000 0.885000 0.064000 0.123333
0 0.331000 0.905000 0.058000 0.130000
0 0.470000 0.890000 0.072000 0.160000
0 0.539000 0.901667 0.070000 0.156667
0 0.606000 0.890000 0.072000 0.166667
0 0.673000 0.885000 0.074000 0.156667
0 0.919000 0.925000 0.070000 0.136667
